1754018005441 86.13506317138672 0
1754018005574 85.98091888427734 1
1754018005723 85.83219146728516 2
1754018005857 85.66523742675781 3
1754018005999 85.46604919433594 4
1754018006144 85.22982025146484 5
1754018006295 84.94393157958984 6
1754018006435 84.58638000488281 7
1754018006590 84.16251373291016 8
1754018006740 83.65065002441406 9
1754018006883 83.05183410644531 10
1754018007018 82.32898712158203 11
1754018007159 81.48693084716797 12
1754018007298 80.50032043457031 13
1754018007441 79.34488677978516 14
1754018007566 78.02044677734375 15
1754018007707 76.5087890625 16
1754018007845 74.81424713134766 17
1754018007982 72.9148178100586 18
1754018008123 70.8015365600586 19
1754018008262 68.4735336303711 20
1754018008400 65.9548568725586 21
1754018008527 63.2018928527832 22
1754018008676 60.27618408203125 23
1754018008827 57.115081787109375 24
1754018008987 53.769309997558594 25
1754018009164 50.287818908691406 26
1754018009311 46.69237518310547 27
1754018009464 43.036075592041016 28
1754018009644 39.29960250854492 29
1754018009830 35.666908264160156 30
1754018009994 32.135643005371094 31
1754018010194 28.762935638427734 32
1754018010361 25.87515640258789 33
1754018010545 23.191028594970703 34
1754018010711 21.026365280151367 35
1754018010880 19.263336181640625 36
1754018011066 17.873916625976562 37
1754018011223 16.75503158569336 38
1754018011390 15.828320503234863 39
1754018011554 15.066255569458008 40
1754018011742 14.433332443237305 41
1754018011896 13.90955924987793 42
1754018012057 13.454333305358887 43
1754018012250 13.078104972839355 44
1754018012443 12.749074935913086 45
1754018012612 12.449317932128906 46
1754018012766 12.176359176635742 47
1754018012909 11.93327522277832 48
1754018013048 11.677607536315918 49
1754018013189 11.45738410949707 50
1754018013321 11.241809844970703 51
1754018013469 11.043270111083984 52
1754018013611 10.837190628051758 53
1754018013746 10.634720802307129 54
1754018013886 10.45014762878418 55
1754018014022 10.259916305541992 56
1754018014161 10.083163261413574 57
1754018014300 9.903623580932617 58
1754018014442 9.724685668945312 59
1754018014597 9.548551559448242 60
1754018014751 9.362605094909668 61
1754018014933 9.195060729980469 62
1754018015090 9.029610633850098 63
1754018015242 8.876322746276855 64
1754018015385 8.712498664855957 65
1754018015559 8.562366485595703 66
1754018015727 8.420135498046875 67
1754018015915 8.254332542419434 68
1754018016072 8.131842613220215 69
1754018016250 7.989880561828613 70
1754018016404 7.834153652191162 71
1754018016573 7.700303077697754 72
1754018016729 7.570679664611816 73
1754018016922 7.469094276428223 74
1754018017082 7.329233646392822 75
1754018017241 7.19772481918335 76
1754018017427 7.089537620544434 77
1754018017591 6.984945774078369 78
1754018017784 6.872082710266113 79
1754018017952 6.777318477630615 80
1754018018109 6.685708045959473 81
1754018018282 6.586503505706787 82
1754018018438 6.489912509918213 83
1754018018613 6.393988609313965 84
1754018018773 6.297910213470459 85
1754018018948 6.217036247253418 86
1754018019128 6.136591911315918 87
1754018019303 6.059770107269287 88
1754018019470 5.979044437408447 89
1754018019628 5.898863315582275 90
1754018019804 5.830766677856445 91
1754018019974 5.7651047706604 92
1754018020143 5.707946300506592 93
1754018020307 5.6371989250183105 94
1754018020475 5.568419456481934 95
1754018020667 5.5107598304748535 96
1754018020832 5.452803134918213 97
1754018021000 5.3928141593933105 98
1754018021168 5.344870090484619 99
1754018005441 86.13506317138672 0
