1754018005422 7478.4443359375 0
1754018005560 7452.08056640625 1
1754018005695 7426.5908203125 2
1754018005839 7397.86328125 3
1754018005979 7363.8603515625 4
1754018006123 7323.3486328125 5
1754018006275 7274.59521484375 6
1754018006414 7213.92333984375 7
1754018006568 7142.42822265625 8
1754018006720 7056.3232421875 9
1754018006860 6956.2939453125 10
1754018006994 6837.19287109375 11
1754018007137 6698.8671875 12
1754018007278 6539.1064453125 13
1754018007420 6354.6005859375 14
1754018007546 6148.2724609375 15
1754018007684 5914.64111328125 16
1754018007815 5660.5263671875 17
1754018007962 5381.35693359375 18
1754018008102 5079.6220703125 19
1754018008237 4759.43896484375 20
1754018008377 4425.10107421875 21
1754018008506 4073.083984375 22
1754018008655 3717.447265625 23
1754018008803 3354.733642578125 24
1754018008963 2992.830322265625 25
1754018009133 2642.51123046875 26
1754018009291 2302.372314453125 27
1754018009443 1983.3089599609375 28
1754018009624 1685.6312255859375 29
1754018009810 1417.369873046875 30
1754018009974 1182.6112060546875 31
1754018010170 976.150390625 32
1754018010341 806.5448608398438 33
1754018010525 666.7794189453125 34
1754018010687 557.3436279296875 35
1754018010851 470.60321044921875 36
1754018011046 406.18719482421875 37
1754018011202 357.7489318847656 38
1754018011369 322.4385070800781 39
1754018011529 296.2630615234375 40
1754018011720 276.91973876953125 41
1754018011875 262.0281982421875 42
1754018012037 249.4803924560547 43
1754018012227 239.24234008789062 44
1754018012418 230.3778839111328 45
1754018012589 222.35720825195312 46
1754018012745 214.65615844726562 47
1754018012888 208.200439453125 48
1754018013027 201.13441467285156 49
1754018013168 194.74671936035156 50
1754018013306 188.8162384033203 51
1754018013446 182.99002075195312 52
1754018013590 177.19915771484375 53
1754018013726 171.8160858154297 54
1754018013862 166.44557189941406 55
1754018014002 161.12997436523438 56
1754018014141 156.1080780029297 57
1754018014279 151.3394317626953 58
1754018014413 146.5382843017578 59
1754018014573 142.1454620361328 60
1754018014725 137.6332550048828 61
1754018014911 133.48553466796875 62
1754018015072 129.32559204101562 63
1754018015220 125.37154388427734 64
1754018015367 121.30496978759766 65
1754018015539 117.6920166015625 66
1754018015703 114.26838684082031 67
1754018015887 110.69142150878906 68
1754018016052 107.59797668457031 69
1754018016230 104.12728118896484 70
1754018016384 100.77769470214844 71
1754018016543 97.94923400878906 72
1754018016699 95.16166687011719 73
1754018016892 92.43231201171875 74
1754018017061 89.51914978027344 75
1754018017216 87.00652313232422 76
1754018017404 84.64292907714844 77
1754018017561 82.21977233886719 78
1754018017759 79.91136169433594 79
1754018017928 77.8536148071289 80
1754018018089 75.79301452636719 81
1754018018251 73.69349670410156 82
1754018018422 71.74652099609375 83
1754018018582 69.89622497558594 84
1754018018742 68.0481185913086 85
1754018018927 66.30140686035156 86
1754018019102 64.64152526855469 87
1754018019283 63.0139045715332 88
1754018019450 61.44317626953125 89
1754018019603 59.93206787109375 90
1754018019781 58.587318420410156 91
1754018019952 57.30131912231445 92
1754018020119 55.98871612548828 93
1754018020289 54.58544158935547 94
1754018020455 53.4035758972168 95
1754018020642 52.223716735839844 96
1754018020804 51.125511169433594 97
1754018020977 50.02259063720703 98
1754018021137 48.96088409423828 99
1754018005422 7478.4443359375 0
