1754017977712 86.06929779052734 0
1754017977839 85.8936767578125 1
1754017977958 85.5995101928711 2
1754017978090 85.11262512207031 3
1754017978208 84.28926086425781 4
1754017978328 83.006591796875 5
1754017978445 81.01701354980469 6
1754017978561 77.80519104003906 7
1754017978676 72.79594421386719 8
1754017978804 64.89555358886719 9
1754017978921 53.08221435546875 10
1754017979042 38.383544921875 11
1754017979169 26.90286636352539 12
1754017979292 22.868833541870117 13
1754017979427 22.047269821166992 14
1754017979583 21.5579776763916 15
1754017979704 20.88658905029297 16
1754017979857 20.577930450439453 17
1754017980006 19.023303985595703 18
1754017980145 19.395498275756836 19
1754017980273 16.95598602294922 20
1754017980391 17.19390869140625 21
1754017980520 16.588918685913086 22
1754017980650 16.91312599182129 23
1754017980778 15.535975456237793 24
1754017980904 14.49322509765625 25
1754017981036 16.02787971496582 26
1754017981162 14.69694709777832 27
1754017981293 14.047444343566895 28
1754017981421 14.487478256225586 29
1754017981551 13.056093215942383 30
1754017981669 13.691431999206543 31
1754017981785 13.403383255004883 32
1754017981917 13.525199890136719 33
1754017982062 11.823785781860352 34
1754017982204 11.618736267089844 35
1754017982368 12.031854629516602 36
1754017982507 12.260950088500977 37
1754017982671 12.408676147460938 38
1754017982810 12.29535961151123 39
1754017982966 11.44509220123291 40
1754017983148 11.73335075378418 41
1754017983320 11.619648933410645 42
1754017983484 11.354095458984375 43
1754017983640 11.160837173461914 44
1754017983777 11.27698802947998 45
1754017983911 11.626852989196777 46
1754017984038 11.101666450500488 47
1754017984157 11.467267990112305 48
1754017984286 10.759855270385742 49
1754017984418 10.97067642211914 50
1754017984539 10.483640670776367 51
1754017984660 10.01734447479248 52
1754017984785 11.29026985168457 53
1754017984917 10.169275283813477 54
1754017985043 10.300488471984863 55
1754017985172 10.248656272888184 56
1754017985301 10.166967391967773 57
1754017985427 9.936277389526367 58
1754017985559 10.610749244689941 59
1754017985704 9.748384475708008 60
1754017985888 10.3939790725708 61
1754017986024 9.418752670288086 62
1754017986169 9.20175838470459 63
1754017986308 10.992206573486328 64
1754017986453 10.049375534057617 65
1754017986604 10.30907917022705 66
1754017986785 10.636941909790039 67
1754017986967 10.167963027954102 68
1754017987159 9.940641403198242 69
1754017987327 9.79808235168457 70
1754017987460 10.21959114074707 71
1754017987624 9.941546440124512 72
1754017987788 9.151503562927246 73
1754017987919 9.53692626953125 74
1754017988045 9.712089538574219 75
1754017988175 9.640142440795898 76
1754017988302 9.891955375671387 77
1754017988430 10.157249450683594 78
1754017988560 9.199862480163574 79
1754017988690 9.835614204406738 80
1754017988832 9.83929443359375 81
1754017988955 8.638008117675781 82
1754017989087 9.524986267089844 83
1754017989219 10.742446899414062 84
1754017989343 9.682062149047852 85
1754017989482 9.503754615783691 86
1754017989628 9.5089693069458 87
1754017989776 9.768685340881348 88
1754017989911 10.296297073364258 89
1754017990090 9.451945304870605 90
1754017990262 9.160909652709961 91
1754017990428 9.709088325500488 92
1754017990606 9.519670486450195 93
1754017990737 9.10867691040039 94
1754017990921 9.58932876586914 95
1754017991053 9.189469337463379 96
1754017991178 10.084247589111328 97
1754017991307 8.635635375976562 98
1754017991434 10.106767654418945 99
1754017977712 86.06929779052734 0
1754017977712 86.06929779052734 0
1754017977712 86.06929779052734 0
