1754017977701 7467.7578125 0
1754017977819 7437.7724609375 1
1754017977943 7387.29052734375 2
1754017978074 7304.47509765625 3
1754017978185 7165.22265625 4
1754017978312 6952.07275390625 5
1754017978427 6626.33056640625 6
1754017978541 6123.044921875 7
1754017978653 5390.25 8
1754017978783 4346.359375 9
1754017978901 3031.91845703125 10
1754017979022 1722.814208984375 11
1754017979152 971.4177856445312 12
1754017979275 813.2540283203125 13
1754017979413 729.027587890625 14
1754017979553 693.6502685546875 15
1754017979684 619.62890625 16
1754017979834 607.9570922851562 17
1754017979987 547.3931884765625 18
1754017980128 577.0951538085938 19
1754017980254 430.91876220703125 20
1754017980383 454.0908203125 21
1754017980509 426.06414794921875 22
1754017980629 455.5848083496094 23
1754017980766 373.26312255859375 24
1754017980883 329.6012878417969 25
1754017981023 395.8658142089844 26
1754017981138 336.534423828125 27
1754017981272 314.46759033203125 28
1754017981399 309.95672607421875 29
1754017981531 281.64959716796875 30
1754017981652 305.5314636230469 31
1754017981771 295.2327575683594 32
1754017981897 297.4225769042969 33
1754017982045 233.7432861328125 34
1754017982184 216.8968963623047 35
1754017982348 236.035400390625 36
1754017982487 245.5276641845703 37
1754017982655 258.91131591796875 38
1754017982792 251.3613739013672 39
1754017982950 215.192138671875 40
1754017983134 226.2758331298828 41
1754017983300 208.72665405273438 42
1754017983469 199.88650512695312 43
1754017983620 197.17465209960938 44
1754017983763 209.1516876220703 45
1754017983892 212.60916137695312 46
1754017984016 195.7541046142578 47
1754017984137 203.98910522460938 48
1754017984267 178.23951721191406 49
1754017984397 186.02230834960938 50
1754017984520 181.59654235839844 51
1754017984645 162.1339874267578 52
1754017984765 196.7005615234375 53
1754017984898 161.05966186523438 54
1754017985027 171.32383728027344 55
1754017985152 166.0949249267578 56
1754017985282 166.4623565673828 57
1754017985406 160.47518920898438 58
1754017985539 175.70411682128906 59
1754017985684 152.6583251953125 60
1754017985867 172.88211059570312 61
1754017986004 136.59921264648438 62
1754017986148 138.38845825195312 63
1754017986287 182.48001098632812 64
1754017986428 162.16297912597656 65
1754017986585 164.55322265625 66
1754017986765 178.9646759033203 67
1754017986931 167.86550903320312 68
1754017987138 158.0370330810547 69
1754017987307 153.6028594970703 70
1754017987451 166.71142578125 71
1754017987604 151.78387451171875 72
1754017987766 142.26150512695312 73
1754017987896 141.89065551757812 74
1754017988027 153.7533721923828 75
1754017988155 148.13743591308594 76
1754017988286 152.2831573486328 77
1754017988410 166.01222229003906 78
1754017988539 130.32925415039062 79
1754017988670 147.75204467773438 80
1754017988807 158.22293090820312 81
1754017988933 132.88925170898438 82
1754017989065 150.1872100830078 83
1754017989199 184.73388671875 84
1754017989333 143.7820281982422 85
1754017989462 143.85946655273438 86
1754017989609 138.1824951171875 87
1754017989756 141.7742156982422 88
1754017989891 160.09054565429688 89
1754017990067 145.4524383544922 90
1754017990241 137.62435913085938 91
1754017990408 150.72006225585938 92
1754017990587 138.4384307861328 93
1754017990727 131.5496826171875 94
1754017990900 147.3079833984375 95
1754017991034 141.6952362060547 96
1754017991160 157.50991821289062 97
1754017991284 121.0036392211914 98
1754017991414 157.98193359375 99
1754017977701 7467.7578125 0
1754017977701 7467.7578125 0
1754017977701 7467.7578125 0
