1754017954577 86.1280288696289 0
1754017954688 86.01791381835938 1
1754017954792 85.90797424316406 2
1754017954888 85.7952880859375 3
1754017955021 85.6819076538086 4
1754017955114 85.56864166259766 5
1754017955205 85.45653533935547 6
1754017955309 85.33405303955078 7
1754017955410 85.20306396484375 8
1754017955504 85.06037902832031 9
1754017955605 84.90107727050781 10
1754017955702 84.72712707519531 11
1754017955798 84.52963256835938 12
1754017955898 84.31202697753906 13
1754017956012 84.06517028808594 14
1754017956122 83.78180694580078 15
1754017956236 83.47449493408203 16
1754017956350 83.12591552734375 17
1754017956457 82.75662994384766 18
1754017956556 82.35371398925781 19
1754017956648 81.9125747680664 20
1754017956750 81.4502944946289 21
1754017956864 80.94416809082031 22
1754017956984 80.39903259277344 23
1754017957084 79.81932067871094 24
1754017957179 79.19283294677734 25
1754017957274 78.52790832519531 26
1754017957371 77.82046508789062 27
1754017957470 77.05860900878906 28
1754017957562 76.25604248046875 29
1754017957667 75.39298248291016 30
1754017957774 74.4903335571289 31
1754017957878 73.52706146240234 32
1754017957982 72.51358795166016 33
1754017958084 71.43419647216797 34
1754017958188 70.3045883178711 35
1754017958286 69.12434387207031 36
1754017958390 67.88656616210938 37
1754017958492 66.57882690429688 38
1754017958589 65.21756744384766 39
1754017958694 63.793373107910156 40
1754017958818 62.31644821166992 41
1754017958935 60.77983856201172 42
1754017959037 59.17289352416992 43
1754017959150 57.5327262878418 44
1754017959261 55.83026123046875 45
1754017959361 54.06630325317383 46
1754017959473 52.26912307739258 47
1754017959586 50.44781494140625 48
1754017959713 48.57450485229492 49
1754017959831 46.6976432800293 50
1754017959945 44.794281005859375 51
1754017960057 42.86106491088867 52
1754017960159 40.930572509765625 53
1754017960258 39.0672721862793 54
1754017960371 37.217529296875 55
1754017960479 35.456382751464844 56
1754017960587 33.77921676635742 57
1754017960692 32.194297790527344 58
1754017960791 30.685932159423828 59
1754017960903 29.241260528564453 60
1754017961005 27.896520614624023 61
1754017961107 26.578369140625 62
1754017961210 25.39903450012207 63
1754017961312 24.239526748657227 64
1754017961409 23.1446533203125 65
1754017961515 22.128374099731445 66
1754017961610 21.224103927612305 67
1754017961722 20.369815826416016 68
1754017961841 19.577226638793945 69
1754017961958 18.897533416748047 70
1754017962073 18.28415298461914 71
1754017962182 17.728687286376953 72
1754017962298 17.217838287353516 73
1754017962414 16.766963958740234 74
1754017962535 16.34225845336914 75
1754017962649 15.926454544067383 76
1754017962772 15.547422409057617 77
1754017962892 15.190747261047363 78
1754017963031 14.859393119812012 79
1754017963162 14.542688369750977 80
1754017963310 14.253092765808105 81
1754017963431 13.991424560546875 82
1754017963556 13.724807739257812 83
1754017963676 13.466267585754395 84
1754017963814 13.224641799926758 85
1754017963944 13.000889778137207 86
1754017964064 12.780155181884766 87
1754017964206 12.574870109558105 88
1754017964318 12.372148513793945 89
1754017964439 12.179201126098633 90
1754017964579 12.001731872558594 91
1754017964682 11.827985763549805 92
1754017964793 11.65412712097168 93
1754017964893 11.498273849487305 94
1754017964994 11.35399341583252 95
1754017965103 11.212544441223145 96
1754017965212 11.072233200073242 97
1754017965327 10.927762985229492 98
1754017965425 10.788655281066895 99
1754017954577 86.1280288696289 0
1754017954577 86.1280288696289 0
1754017954577 86.1280288696289 0
1754017954577 86.1280288696289 0
1754017954577 86.1280288696289 0
1754017954577 86.1280288696289 0
1754017954577 86.1280288696289 0
