1754017954566 7477.36181640625 0
1754017954674 7458.13671875 1
1754017954777 7439.02880859375 2
1754017954875 7419.43212890625 3
1754017955006 7399.70458984375 4
1754017955104 7380.02587890625 5
1754017955197 7360.7890625 6
1754017955296 7339.57568359375 7
1754017955397 7316.92724609375 8
1754017955487 7292.27490234375 9
1754017955591 7264.7099609375 10
1754017955691 7234.9111328125 11
1754017955790 7200.75390625 12
1754017955889 7163.6005859375 13
1754017955998 7121.5732421875 14
1754017956102 7073.4140625 15
1754017956226 7021.6826171875 16
1754017956339 6963.02734375 17
1754017956444 6901.37255859375 18
1754017956543 6834.13525390625 19
1754017956636 6761.5791015625 20
1754017956735 6685.34375 21
1754017956854 6602.5947265625 22
1754017956971 6514.06201171875 23
1754017957069 6420.830078125 24
1754017957166 6320.7783203125 25
1754017957254 6215.7373046875 26
1754017957357 6104.6875 27
1754017957454 5987.0576171875 28
1754017957552 5863.7783203125 29
1754017957658 5733.3203125 30
1754017957759 5598.51806640625 31
1754017957862 5456.98193359375 32
1754017957970 5310.07861328125 33
1754017958070 5156.291015625 34
1754017958174 4998.2060546875 35
1754017958273 4836.2705078125 36
1754017958374 4669.5283203125 37
1754017958475 4497.57080078125 38
1754017958575 4322.4794921875 39
1754017958682 4143.1376953125 40
1754017958802 3962.102783203125 41
1754017958919 3780.27587890625 42
1754017959021 3593.764892578125 43
1754017959123 3409.624267578125 44
1754017959245 3224.680419921875 45
1754017959346 3040.45361328125 46
1754017959457 2858.602294921875 47
1754017959573 2679.953125 48
1754017959702 2504.63427734375 49
1754017959821 2332.457763671875 50
1754017959937 2167.400390625 51
1754017960042 2008.3671875 52
1754017960146 1855.071533203125 53
1754017960250 1710.0904541015625 54
1754017960356 1573.05615234375 55
1754017960466 1444.4576416015625 56
1754017960571 1323.958251953125 57
1754017960672 1212.92822265625 58
1754017960781 1109.062744140625 59
1754017960886 1015.2327270507812 60
1754017960989 929.1998291015625 61
1754017961090 849.01220703125 62
1754017961197 779.3780517578125 63
1754017961297 715.2935180664062 64
1754017961398 658.66015625 65
1754017961501 606.9971313476562 66
1754017961604 562.1485595703125 67
1754017961708 521.2173461914062 68
1754017961821 485.15020751953125 69
1754017961946 453.9610900878906 70
1754017962062 426.57440185546875 71
1754017962166 402.4943542480469 72
1754017962284 380.3287658691406 73
1754017962408 361.6286315917969 74
1754017962525 344.3015441894531 75
1754017962639 329.56048583984375 76
1754017962760 316.5339660644531 77
1754017962879 304.7812194824219 78
1754017963016 293.8241882324219 79
1754017963142 284.14117431640625 80
1754017963296 275.02264404296875 81
1754017963417 267.1966857910156 82
1754017963539 259.7478942871094 83
1754017963661 252.670654296875 84
1754017963798 245.89468383789062 85
1754017963929 239.68435668945312 86
1754017964045 233.95046997070312 87
1754017964187 228.329833984375 88
1754017964308 222.8538360595703 89
1754017964424 217.6912078857422 90
1754017964561 212.76962280273438 91
1754017964671 208.4031524658203 92
1754017964778 203.81723022460938 93
1754017964881 199.43505859375 94
1754017964982 195.40737915039062 95
1754017965083 191.32618713378906 96
1754017965197 187.4925994873047 97
1754017965311 183.73980712890625 98
1754017965413 180.1593017578125 99
1754017954566 7477.36181640625 0
1754017954566 7477.36181640625 0
1754017954566 7477.36181640625 0
1754017954566 7477.36181640625 0
1754017954566 7477.36181640625 0
1754017954566 7477.36181640625 0
1754017954566 7477.36181640625 0
