1753828052003 86.0897216796875 0
1753828052121 85.93235778808594 1
1753828052230 85.76168060302734 2
1753828052356 85.57020568847656 3
1753828052471 85.35462188720703 4
1753828052581 85.1063461303711 5
1753828052688 84.80876159667969 6
1753828052797 84.45246887207031 7
1753828052907 84.02252960205078 8
1753828053020 83.51998138427734 9
1753828053131 82.93002319335938 10
1753828053244 82.2385482788086 11
1753828053360 81.43135070800781 12
1753828053467 80.51146697998047 13
1753828053577 79.41983032226562 14
1753828053693 78.18907165527344 15
1753828053811 76.75108337402344 16
1753828053922 75.14327239990234 17
1753828054033 73.31632232666016 18
1753828054146 71.28108215332031 19
1753828054263 69.03269958496094 20
1753828054384 66.56320190429688 21
1753828054510 63.86381149291992 22
1753828054629 60.939109802246094 23
1753828054759 57.783050537109375 24
1753828054878 54.43297576904297 25
1753828054998 50.854408264160156 26
1753828055135 47.16037368774414 27
1753828055265 43.34174728393555 28
1753828055386 39.480491638183594 29
1753828055497 35.69388961791992 30
1753828055617 32.05054473876953 31
1753828055736 28.64597511291504 32
1753828055852 25.564472198486328 33
1753828055972 22.960796356201172 34
1753828056085 20.89107322692871 35
1753828056213 19.273508071899414 36
1753828056335 18.008329391479492 37
1753828056462 16.931259155273438 38
1753828056581 16.093231201171875 39
1753828056695 15.476608276367188 40
1753828056806 14.931200981140137 41
1753828056929 14.422442436218262 42
1753828057060 14.059091567993164 43
1753828057181 13.724746704101562 44
1753828057314 13.423693656921387 45
1753828057466 13.145383834838867 46
1753828057594 12.882512092590332 47
1753828057740 12.6290922164917 48
1753828057863 12.383501052856445 49
1753828058001 12.142189025878906 50
1753828058130 11.917295455932617 51
1753828058272 11.688220024108887 52
1753828058413 11.47066879272461 53
1753828058554 11.252639770507812 54
1753828058713 11.051233291625977 55
1753828058858 10.839372634887695 56
1753828058984 10.628637313842773 57
1753828059100 10.404980659484863 58
1753828059218 10.210769653320312 59
1753828059341 10.015390396118164 60
1753828059460 9.822715759277344 61
1753828059581 9.639617919921875 62
1753828059701 9.44551944732666 63
1753828059814 9.27773666381836 64
1753828059934 9.111563682556152 65
1753828060055 8.934483528137207 66
1753828060182 8.772829055786133 67
1753828060301 8.601943969726562 68
1753828060426 8.435349464416504 69
1753828060570 8.275123596191406 70
1753828060707 8.123255729675293 71
1753828060836 7.982007026672363 72
1753828060973 7.8413848876953125 73
1753828061106 7.706338405609131 74
1753828061229 7.58823299407959 75
1753828061369 7.458282470703125 76
1753828061492 7.331947326660156 77
1753828061625 7.207302093505859 78
1753828061783 7.084782600402832 79
1753828061932 6.9753923416137695 80
1753828062070 6.85669469833374 81
1753828062239 6.750616550445557 82
1753828062383 6.6590752601623535 83
1753828062526 6.568331718444824 84
1753828062670 6.471709251403809 85
1753828062796 6.3765082359313965 86
1753828062923 6.280887603759766 87
1753828063043 6.197770595550537 88
1753828063170 6.112542629241943 89
1753828063284 6.0467329025268555 90
1753828063411 5.955877304077148 91
1753828063532 5.873682498931885 92
1753828063653 5.80206823348999 93
1753828063779 5.728170394897461 94
1753828063903 5.677802085876465 95
1753828064027 5.611166000366211 96
1753828064163 5.543431282043457 97
1753828064280 5.478002548217773 98
1753828064406 5.427700519561768 99
1753828052003 86.0897216796875 0
