1753828051991 7471.2275390625 0
1753828052103 7444.12744140625 1
1753828052215 7414.72119140625 2
1753828052338 7381.8798828125 3
1753828052453 7345.10302734375 4
1753828052565 7302.70947265625 5
1753828052672 7251.9873046875 6
1753828052779 7191.76318359375 7
1753828052887 7119.1640625 8
1753828052999 7034.70458984375 9
1753828053114 6936.60302734375 10
1753828053227 6822.2158203125 11
1753828053339 6689.83203125 12
1753828053453 6540.74365234375 13
1753828053557 6366.9423828125 14
1753828053675 6172.20458984375 15
1753828053791 5950.96533203125 16
1753828053904 5707.4150390625 17
1753828054018 5438.45068359375 18
1753828054126 5145.70556640625 19
1753828054243 4832.79541015625 20
1753828054364 4501.7236328125 21
1753828054490 4154.763671875 22
1753828054613 3795.862060546875 23
1753828054739 3427.374267578125 24
1753828054865 3058.60107421875 25
1753828054977 2694.87548828125 26
1753828055115 2343.909423828125 27
1753828055255 2010.724609375 28
1753828055372 1702.1614990234375 29
1753828055486 1424.466796875 30
1753828055595 1181.635986328125 31
1753828055715 972.3621215820312 32
1753828055836 801.68359375 33
1753828055952 661.6829223632812 34
1753828056070 553.6951904296875 35
1753828056192 471.85028076171875 36
1753828056317 413.4627380371094 37
1753828056446 370.1359558105469 38
1753828056561 337.05975341796875 39
1753828056684 315.65838623046875 40
1753828056786 299.61083984375 41
1753828056919 285.5689697265625 42
1753828057040 274.55584716796875 43
1753828057169 264.78948974609375 44
1753828057302 255.806884765625 45
1753828057446 247.77099609375 46
1753828057580 239.9529571533203 47
1753828057717 232.1043701171875 48
1753828057843 224.4647216796875 49
1753828057984 217.39804077148438 50
1753828058110 210.55868530273438 51
1753828058252 203.4943084716797 52
1753828058391 196.9348907470703 53
1753828058531 190.2911376953125 54
1753828058692 183.92474365234375 55
1753828058839 177.95761108398438 56
1753828058964 171.8231201171875 57
1753828059088 166.00894165039062 58
1753828059205 160.50222778320312 59
1753828059321 154.9650421142578 60
1753828059440 149.8074188232422 61
1753828059561 144.88856506347656 62
1753828059682 140.0615234375 63
1753828059794 135.54904174804688 64
1753828059914 131.03573608398438 65
1753828060037 126.54374694824219 66
1753828060155 122.72969818115234 67
1753828060287 118.50300598144531 68
1753828060414 114.83805847167969 69
1753828060550 111.2269515991211 70
1753828060688 107.86503601074219 71
1753828060812 104.4888916015625 72
1753828060953 101.30863952636719 73
1753828061090 98.3759765625 74
1753828061211 95.61891174316406 75
1753828061347 92.5965805053711 76
1753828061471 89.88725280761719 77
1753828061605 87.2955322265625 78
1753828061758 84.80461120605469 79
1753828061907 82.43034362792969 80
1753828062051 80.06001281738281 81
1753828062219 77.8858871459961 82
1753828062366 75.53875732421875 83
1753828062512 73.54592895507812 84
1753828062649 71.61470031738281 85
1753828062780 69.68543243408203 86
1753828062902 67.7195816040039 87
1753828063023 66.01994323730469 88
1753828063153 64.318115234375 89
1753828063263 62.85052490234375 90
1753828063390 61.11884689331055 91
1753828063512 59.738807678222656 92
1753828063632 58.2908935546875 93
1753828063758 56.92729949951172 94
1753828063881 55.80634307861328 95
1753828064006 54.43574905395508 96
1753828064142 53.28574752807617 97
1753828064261 52.14665603637695 98
1753828064388 51.1378288269043 99
1753828051991 7471.2275390625 0
