1753828030062 85.85102844238281 0
1753828030163 85.65560150146484 1
1753828030252 85.469970703125 2
1753828030353 85.28752136230469 3
1753828030458 85.1078109741211 4
1753828030558 84.91445922851562 5
1753828030653 84.70374298095703 6
1753828030750 84.4705581665039 7
1753828030848 84.2066421508789 8
1753828030943 83.91415405273438 9
1753828031048 83.58636474609375 10
1753828031141 83.21987915039062 11
1753828031246 82.81124114990234 12
1753828031342 82.35752868652344 13
1753828031440 81.85416412353516 14
1753828031541 81.28736877441406 15
1753828031638 80.66878509521484 16
1753828031741 79.98030853271484 17
1753828031832 79.22944641113281 18
1753828031926 78.4093017578125 19
1753828032015 77.50425720214844 20
1753828032114 76.53092956542969 21
1753828032222 75.47052001953125 22
1753828032325 74.33814239501953 23
1753828032425 73.11604309082031 24
1753828032525 71.80375671386719 25
1753828032625 70.40098571777344 26
1753828032724 68.92338562011719 27
1753828032814 67.34954833984375 28
1753828032921 65.70674133300781 29
1753828033017 63.94165802001953 30
1753828033126 62.108436584472656 31
1753828033226 60.21344757080078 32
1753828033325 58.233009338378906 33
1753828033416 56.18651580810547 34
1753828033536 54.0832405090332 35
1753828033641 51.92240524291992 36
1753828033734 49.6976203918457 37
1753828033836 47.45673751831055 38
1753828033938 45.18193435668945 39
1753828034048 42.959991455078125 40
1753828034138 40.724281311035156 41
1753828034235 38.54975509643555 42
1753828034347 36.447303771972656 43
1753828034453 34.356529235839844 44
1753828034556 32.327457427978516 45
1753828034656 30.422271728515625 46
1753828034761 28.628433227539062 47
1753828034884 26.89827537536621 48
1753828034999 25.401500701904297 49
1753828035101 24.034576416015625 50
1753828035218 22.83177947998047 51
1753828035328 21.711986541748047 52
1753828035454 20.73017120361328 53
1753828035578 19.888397216796875 54
1753828035710 19.10930633544922 55
1753828035835 18.430694580078125 56
1753828035946 17.789012908935547 57
1753828036051 17.236345291137695 58
1753828036179 16.773818969726562 59
1753828036277 16.33095359802246 60
1753828036391 15.934527397155762 61
1753828036509 15.576512336730957 62
1753828036620 15.283296585083008 63
1753828036740 15.007102966308594 64
1753828036859 14.762262344360352 65
1753828036967 14.530041694641113 66
1753828037067 14.320123672485352 67
1753828037176 14.123138427734375 68
1753828037283 13.943486213684082 69
1753828037395 13.760177612304688 70
1753828037509 13.584994316101074 71
1753828037609 13.427087783813477 72
1753828037719 13.264322280883789 73
1753828037819 13.110316276550293 74
1753828037929 12.948887825012207 75
1753828038039 12.789158821105957 76
1753828038143 12.648996353149414 77
1753828038251 12.490928649902344 78
1753828038360 12.343225479125977 79
1753828038462 12.19824504852295 80
1753828038571 12.068696975708008 81
1753828038680 11.913019180297852 82
1753828038795 11.76224136352539 83
1753828038900 11.61439037322998 84
1753828039024 11.483085632324219 85
1753828039150 11.346120834350586 86
1753828039284 11.211725234985352 87
1753828039408 11.075794219970703 88
1753828039528 10.935935974121094 89
1753828039662 10.800402641296387 90
1753828039779 10.676300048828125 91
1753828039904 10.550264358520508 92
1753828040024 10.410331726074219 93
1753828040145 10.274157524108887 94
1753828040269 10.153210639953613 95
1753828040388 10.028486251831055 96
1753828040479 9.90056037902832 97
1753828040593 9.771899223327637 98
1753828040702 9.64992904663086 99
1753828030062 85.85102844238281 0
1753828030062 85.85102844238281 0
1753828030062 85.85102844238281 0
