1753828030045 7431.1318359375 0
1753828030150 7397.6279296875 1
1753828030236 7365.9140625 2
1753828030339 7334.7626953125 3
1753828030438 7304.2099609375 4
1753828030542 7271.34228515625 5
1753828030645 7235.7919921875 6
1753828030743 7196.43212890625 7
1753828030839 7152.34912109375 8
1753828030934 7103.21484375 9
1753828031035 7048.81884765625 10
1753828031131 6988.21240234375 11
1753828031232 6921.0068359375 12
1753828031332 6846.734375 13
1753828031430 6764.79541015625 14
1753828031529 6673.21630859375 15
1753828031624 6574.04541015625 16
1753828031723 6464.89501953125 17
1753828031812 6346.23193359375 18
1753828031914 6218.1513671875 19
1753828032005 6078.84912109375 20
1753828032101 5931.90185546875 21
1753828032208 5772.25244140625 22
1753828032308 5604.5283203125 23
1753828032413 5427.4931640625 24
1753828032510 5240.73046875 25
1753828032612 5044.86572265625 26
1753828032705 4842.21484375 27
1753828032807 4632.61572265625 28
1753828032906 4418.45849609375 29
1753828033008 4195.1435546875 30
1753828033112 3971.06396484375 31
1753828033209 3745.425048828125 32
1753828033312 3516.69921875 33
1753828033408 3291.61962890625 34
1753828033522 3066.22509765625 35
1753828033624 2844.439453125 36
1753828033725 2629.688720703125 37
1753828033825 2418.389892578125 38
1753828033923 2217.41943359375 39
1753828034032 2024.6458740234375 40
1753828034132 1839.8297119140625 41
1753828034226 1670.5648193359375 42
1753828034335 1509.4849853515625 43
1753828034436 1362.086181640625 44
1753828034546 1225.7462158203125 45
1753828034635 1102.969970703125 46
1753828034749 994.2838745117188 47
1753828034863 893.1566162109375 48
1753828034984 807.9071044921875 49
1753828035091 730.2530517578125 50
1753828035203 663.852294921875 51
1753828035309 606.1830444335938 52
1753828035437 555.75341796875 53
1753828035566 515.2456665039062 54
1753828035681 478.89935302734375 55
1753828035817 448.6866760253906 56
1753828035929 422.07855224609375 57
1753828036036 399.9635314941406 58
1753828036162 381.5869445800781 59
1753828036264 365.3251647949219 60
1753828036377 351.8706359863281 61
1753828036493 339.3431091308594 62
1753828036607 328.88262939453125 63
1753828036720 319.55023193359375 64
1753828036838 311.15460205078125 65
1753828036947 303.1904296875 66
1753828037056 295.980224609375 67
1753828037160 288.86151123046875 68
1753828037269 282.60540771484375 69
1753828037379 276.4677429199219 70
1753828037495 270.4952697753906 71
1753828037601 264.76837158203125 72
1753828037706 259.36407470703125 73
1753828037808 254.0786590576172 74
1753828037912 248.73556518554688 75
1753828038023 243.4859619140625 76
1753828038130 238.4785919189453 77
1753828038240 233.26473999023438 78
1753828038337 228.4858856201172 79
1753828038448 223.50094604492188 80
1753828038557 219.11062622070312 81
1753828038665 214.0917205810547 82
1753828038788 209.38815307617188 83
1753828038887 204.932373046875 84
1753828039008 200.54754638671875 85
1753828039132 196.2239990234375 86
1753828039267 192.09312438964844 87
1753828039393 187.8436279296875 88
1753828039513 183.6884002685547 89
1753828039646 179.55667114257812 90
1753828039769 175.61044311523438 91
1753828039889 171.80807495117188 92
1753828040011 167.72396850585938 93
1753828040132 163.83694458007812 94
1753828040259 160.38540649414062 95
1753828040372 156.6806182861328 96
1753828040469 153.28359985351562 97
1753828040580 149.6023712158203 98
1753828040688 146.49404907226562 99
1753828030045 7431.1318359375 0
1753828030045 7431.1318359375 0
1753828030045 7431.1318359375 0
