1754020630028 7482.4443359375 0
1754020630172 7464.2451171875 1
1754020630312 7445.6669921875 2
1754020630448 7425.11865234375 3
1754020630603 7401.16552734375 4
1754020630742 7372.34375 5
1754020630885 7338.25146484375 6
1754020631016 7298.42431640625 7
1754020631150 7252.2724609375 8
1754020631284 7198.9453125 9
1754020631420 7137.30712890625 10
1754020631556 7066.5234375 11
1754020631724 6985.81494140625 12
1754020631877 6892.54931640625 13
1754020632029 6787.7138671875 14
1754020632185 6670.7509765625 15
1754020632349 6540.30029296875 16
1754020632494 6395.6708984375 17
1754020632696 6236.85693359375 18
1754020632849 6063.98486328125 19
1754020633009 5877.1611328125 20
1754020633168 5675.0458984375 21
1754020633331 5462.93115234375 22
1754020633488 5234.49853515625 23
1754020633665 4994.57373046875 24
1754020633805 4742.3759765625 25
1754020633940 4474.3095703125 26
1754020634079 4194.3583984375 27
1754020634220 3906.35302734375 28
1754020634362 3607.876220703125 29
1754020634494 3307.34716796875 30
1754020634627 3007.404296875 31
1754020634776 2711.50244140625 32
1754020634912 2421.7265625 33
1754020635053 2144.44189453125 34
1754020635191 1881.480224609375 35
1754020635335 1637.085693359375 36
1754020635484 1410.6492919921875 37
1754020635642 1209.190185546875 38
1754020635807 1029.376708984375 39
1754020635971 874.3201904296875 40
1754020636129 741.4478759765625 41
1754020636297 629.4761962890625 42
1754020636459 540.2985229492188 43
1754020636645 467.3749084472656 44
1754020636813 407.60552978515625 45
1754020636970 362.6860046386719 46
1754020637158 329.09649658203125 47
1754020637335 300.38763427734375 48
1754020637499 281.0796813964844 49
1754020637675 263.56402587890625 50
1754020637820 251.31222534179688 51
1754020637959 240.6106719970703 52
1754020638108 231.1011962890625 53
1754020638255 223.32785034179688 54
1754020638387 216.2587432861328 55
1754020638531 209.55947875976562 56
1754020638675 203.38108825683594 57
1754020638823 197.32408142089844 58
1754020638963 191.73988342285156 59
1754020639100 186.12648010253906 60
1754020639239 180.8759307861328 61
1754020639382 175.86856079101562 62
1754020639547 170.70272827148438 63
1754020639714 165.92320251464844 64
1754020639909 161.14968872070312 65
1754020640061 156.1213836669922 66
1754020640222 151.67276000976562 67
1754020640376 147.3744659423828 68
1754020640582 142.83535766601562 69
1754020640752 138.61524963378906 70
1754020640924 134.57933044433594 71
1754020641091 130.59889221191406 72
1754020641250 126.78764343261719 73
1754020641408 123.20811462402344 74
1754020641578 119.274169921875 75
1754020641747 115.89306640625 76
1754020641934 112.4210205078125 77
1754020642103 109.09808349609375 78
1754020642287 106.09745025634766 79
1754020642415 102.8813705444336 80
1754020642564 100.00205993652344 81
1754020642703 96.9887466430664 82
1754020642838 94.34239196777344 83
1754020642985 91.80821990966797 84
1754020643126 89.29600524902344 85
1754020643265 86.95885467529297 86
1754020643413 84.49781799316406 87
1754020643560 82.35682678222656 88
1754020643694 80.09475708007812 89
1754020643835 78.09569549560547 90
1754020643983 76.09486389160156 91
1754020644147 74.22572326660156 92
1754020644306 72.55755615234375 93
1754020644468 70.69427490234375 94
1754020644619 69.07423400878906 95
1754020644785 67.49445343017578 96
1754020644967 65.89568328857422 97
1754020645123 64.43659973144531 98
1754020645301 63.14582443237305 99
1754020630028 7482.4443359375 0
