1754020630055 86.15833282470703 0
1754020630196 86.05052185058594 1
1754020630336 85.94105529785156 2
1754020630468 85.81993103027344 3
1754020630628 85.67884826660156 4
1754020630762 85.50992584228516 5
1754020630905 85.30928039550781 6
1754020631037 85.07543182373047 7
1754020631170 84.80452728271484 8
1754020631304 84.4891586303711 9
1754020631438 84.12430572509766 10
1754020631580 83.7046890258789 11
1754020631753 83.22154998779297 12
1754020631895 82.6627197265625 13
1754020632053 82.02667999267578 14
1754020632205 81.31405639648438 15
1754020632373 80.50826263427734 16
1754020632513 79.60887145996094 17
1754020632721 78.61194610595703 18
1754020632869 77.50484466552734 19
1754020633025 76.29197692871094 20
1754020633195 74.95713806152344 21
1754020633355 73.5284194946289 22
1754020633505 71.95610809326172 23
1754020633685 70.26543426513672 24
1754020633825 68.43268585205078 25
1754020633969 66.43632507324219 26
1754020634107 64.29041290283203 27
1754020634243 61.97804641723633 28
1754020634378 59.487098693847656 29
1754020634507 56.86511993408203 30
1754020634657 54.108924865722656 31
1754020634796 51.21711349487305 32
1754020634938 48.23548889160156 33
1754020635069 45.17911148071289 34
1754020635217 42.03510284423828 35
1754020635359 38.9157829284668 36
1754020635502 35.860939025878906 37
1754020635673 32.83748245239258 38
1754020635837 29.98396873474121 39
1754020635997 27.315332412719727 40
1754020636152 24.927845001220703 41
1754020636320 22.838403701782227 42
1754020636484 21.028011322021484 43
1754020636668 19.42147445678711 44
1754020636833 18.00298500061035 45
1754020636998 16.853591918945312 46
1754020637187 15.893630981445312 47
1754020637361 15.069384574890137 48
1754020637519 14.459951400756836 49
1754020637699 13.894457817077637 50
1754020637841 13.428751945495605 51
1754020637979 13.027148246765137 52
1754020638126 12.68420696258545 53
1754020638279 12.395330429077148 54
1754020638415 12.129594802856445 55
1754020638555 11.882820129394531 56
1754020638698 11.659944534301758 57
1754020638845 11.436588287353516 58
1754020638988 11.232110977172852 59
1754020639121 11.031052589416504 60
1754020639260 10.83764362335205 61
1754020639403 10.645318984985352 62
1754020639571 10.46271800994873 63
1754020639728 10.290426254272461 64
1754020639928 10.12995719909668 65
1754020640081 9.95641040802002 66
1754020640242 9.785884857177734 67
1754020640400 9.61639404296875 68
1754020640607 9.449142456054688 69
1754020640780 9.279982566833496 70
1754020640948 9.117183685302734 71
1754020641114 8.957422256469727 72
1754020641275 8.807601928710938 73
1754020641439 8.667095184326172 74
1754020641602 8.517477035522461 75
1754020641766 8.362974166870117 76
1754020641964 8.202428817749023 77
1754020642130 8.046514511108398 78
1754020642307 7.927342414855957 79
1754020642436 7.789750099182129 80
1754020642590 7.66306209564209 81
1754020642721 7.536674499511719 82
1754020642870 7.424263954162598 83
1754020643003 7.31710958480835 84
1754020643150 7.202540397644043 85
1754020643295 7.110350131988525 86
1754020643444 7.009546756744385 87
1754020643581 6.913026332855225 88
1754020643717 6.809445381164551 89
1754020643856 6.714562892913818 90
1754020644004 6.613616943359375 91
1754020644168 6.525949954986572 92
1754020644328 6.4555511474609375 93
1754020644494 6.376323699951172 94
1754020644647 6.296067714691162 95
1754020644815 6.22999382019043 96
1754020644987 6.158881187438965 97
1754020645139 6.092968463897705 98
1754020645319 6.0352678298950195 99
1754020630055 86.15833282470703 0
