1754020598078 7463.22412109375 0
1754020598192 7422.0146484375 1
1754020598326 7367.17724609375 2
1754020598468 7281.2255859375 3
1754020598599 7140.65380859375 4
1754020598720 6921.2783203125 5
1754020598850 6549.6640625 6
1754020598988 5934.21533203125 7
1754020599121 5073.8671875 8
1754020599246 3812.09716796875 9
1754020599367 2367.333984375 10
1754020599483 1185.8199462890625 11
1754020599611 699.7312622070312 12
1754020599752 756.1385498046875 13
1754020599897 616.2925415039062 14
1754020600065 573.5010986328125 15
1754020600195 548.4730224609375 16
1754020600327 562.372314453125 17
1754020600448 517.83984375 18
1754020600570 455.81488037109375 19
1754020600700 408.9638671875 20
1754020600817 394.03887939453125 21
1754020600950 440.3211364746094 22
1754020601070 389.17230224609375 23
1754020601197 363.22637939453125 24
1754020601318 329.0717468261719 25
1754020601433 326.25360107421875 26
1754020601552 325.45660400390625 27
1754020601672 283.54022216796875 28
1754020601796 290.51971435546875 29
1754020601928 298.7991943359375 30
1754020602094 284.79583740234375 31
1754020602240 269.3582763671875 32
1754020602381 281.44281005859375 33
1754020602530 249.9500732421875 34
1754020602723 244.981201171875 35
1754020602864 251.31588745117188 36
1754020602982 239.9283905029297 37
1754020603109 198.4602813720703 38
1754020603242 237.75045776367188 39
1754020603361 235.84365844726562 40
1754020603480 198.75680541992188 41
1754020603605 193.80899047851562 42
1754020603734 236.81619262695312 43
1754020603863 204.93075561523438 44
1754020603994 196.60519409179688 45
1754020604119 197.09698486328125 46
1754020604250 190.95953369140625 47
1754020604383 177.92410278320312 48
1754020604512 198.57528686523438 49
1754020604637 192.0080108642578 50
1754020604784 189.41021728515625 51
1754020604926 178.65708923339844 52
1754020605067 164.94674682617188 53
1754020605236 212.0561065673828 54
1754020605383 184.319091796875 55
1754020605560 157.9049072265625 56
1754020605727 185.6096954345703 57
1754020605878 149.2369842529297 58
1754020606007 160.61734008789062 59
1754020606131 192.38409423828125 60
1754020606259 171.4342803955078 61
1754020606385 167.39320373535156 62
1754020606521 166.4534454345703 63
1754020606641 144.34219360351562 64
1754020606763 172.44320678710938 65
1754020606886 151.17709350585938 66
1754020607009 168.2712860107422 67
1754020607138 170.06747436523438 68
1754020607257 164.0895538330078 69
1754020607380 159.7793731689453 70
1754020607503 147.53421020507812 71
1754020607638 171.31593322753906 72
1754020607793 153.92080688476562 73
1754020607932 151.5072784423828 74
1754020608075 173.54591369628906 75
1754020608242 150.60348510742188 76
1754020608375 164.1090087890625 77
1754020608514 147.740478515625 78
1754020608665 167.14108276367188 79
1754020608797 141.93641662597656 80
1754020608941 139.1417999267578 81
1754020609077 151.7223663330078 82
1754020609228 134.20794677734375 83
1754020609358 151.1639862060547 84
1754020609492 123.337646484375 85
1754020609615 130.53659057617188 86
1754020609741 156.08473205566406 87
1754020609868 150.1459503173828 88
1754020610004 156.35462951660156 89
1754020610137 137.65847778320312 90
1754020610274 155.9984893798828 91
1754020610402 153.82107543945312 92
1754020610552 140.24990844726562 93
1754020610701 143.037109375 94
1754020610857 143.48011779785156 95
1754020611005 126.92497253417969 96
1754020611157 146.34999084472656 97
1754020611309 139.0379180908203 98
1754020611480 159.82740783691406 99
1754020598078 7463.22412109375 0
1754020598078 7463.22412109375 0
1754020598078 7463.22412109375 0
