1754020598095 86.04209899902344 0
1754020598218 85.80014038085938 1
1754020598346 85.47925567626953 2
1754020598490 84.96770477294922 3
1754020598612 84.1412353515625 4
1754020598735 82.81195831298828 5
1754020598860 80.50849914550781 6
1754020599018 76.49369812011719 7
1754020599131 70.55729675292969 8
1754020599263 60.4664192199707 9
1754020599377 45.87574768066406 10
1754020599500 30.406452178955078 11
1754020599623 22.104366302490234 12
1754020599774 22.251869201660156 13
1754020599915 20.29772186279297 14
1754020600085 19.45180320739746 15
1754020600214 19.475086212158203 16
1754020600341 19.608783721923828 17
1754020600468 18.344472885131836 18
1754020600584 17.283994674682617 19
1754020600720 16.60348892211914 20
1754020600837 15.974125862121582 21
1754020600970 16.441204071044922 22
1754020601090 15.949482917785645 23
1754020601215 15.446368217468262 24
1754020601332 14.517186164855957 25
1754020601448 13.941802978515625 26
1754020601565 14.133529663085938 27
1754020601693 13.183595657348633 28
1754020601812 13.665899276733398 29
1754020601949 13.467939376831055 30
1754020602112 13.517367362976074 31
1754020602261 12.681150436401367 32
1754020602405 12.8514986038208 33
1754020602549 12.502212524414062 34
1754020602733 12.276708602905273 35
1754020602880 12.173702239990234 36
1754020603001 12.591761589050293 37
1754020603129 11.164416313171387 38
1754020603263 12.102055549621582 39
1754020603382 12.209817886352539 40
1754020603499 11.520734786987305 41
1754020603625 10.911476135253906 42
1754020603753 11.795458793640137 43
1754020603877 11.200745582580566 44
1754020604010 10.805267333984375 45
1754020604140 11.320352554321289 46
1754020604271 11.005167007446289 47
1754020604403 10.106971740722656 48
1754020604532 11.224154472351074 49
1754020604653 10.702920913696289 50
1754020604801 10.764678001403809 51
1754020604947 10.935437202453613 52
1754020605084 10.296625137329102 53
1754020605256 11.544317245483398 54
1754020605401 10.634685516357422 55
1754020605574 10.087409973144531 56
1754020605751 10.876243591308594 57
1754020605898 9.574015617370605 58
1754020606025 9.816720962524414 59
1754020606152 11.200299263000488 60
1754020606283 10.33093547821045 61
1754020606406 10.40007209777832 62
1754020606531 10.386500358581543 63
1754020606662 9.767549514770508 64
1754020606786 10.545804977416992 65
1754020606907 9.877301216125488 66
1754020607030 10.276601791381836 67
1754020607158 10.456027030944824 68
1754020607276 10.352113723754883 69
1754020607398 10.188192367553711 70
1754020607524 9.72131633758545 71
1754020607658 10.402017593383789 72
1754020607817 9.903203010559082 73
1754020607950 9.884448051452637 74
1754020608093 10.216604232788086 75
1754020608255 9.748881340026855 76
1754020608394 10.46138858795166 77
1754020608531 9.87126350402832 78
1754020608685 10.251603126525879 79
1754020608827 9.632246017456055 80
1754020608963 9.589042663574219 81
1754020609095 9.916380882263184 82
1754020609245 9.125005722045898 83
1754020609378 10.019061088562012 84
1754020609506 8.609926223754883 85
1754020609625 8.857436180114746 86
1754020609767 10.04621696472168 87
1754020609892 9.961883544921875 88
1754020610025 9.918083190917969 89
1754020610157 9.482731819152832 90
1754020610294 10.08527946472168 91
1754020610423 9.904623031616211 92
1754020610572 9.48317813873291 93
1754020610723 9.461308479309082 94
1754020610878 9.55976676940918 95
1754020611029 9.067296981811523 96
1754020611178 9.538238525390625 97
1754020611334 9.126411437988281 98
1754020611496 10.258456230163574 99
1754020598095 86.04209899902344 0
1754020598095 86.04209899902344 0
1754020598095 86.04209899902344 0
