1754020563580 85.96678161621094 0
1754020563682 85.89290618896484 1
1754020563776 85.80811309814453 2
1754020563868 85.71055603027344 3
1754020563965 85.60029602050781 4
1754020564065 85.47274780273438 5
1754020564162 85.32520294189453 6
1754020564263 85.1497802734375 7
1754020564360 84.93987274169922 8
1754020564461 84.69636535644531 9
1754020564558 84.4093017578125 10
1754020564651 84.07322692871094 11
1754020564753 83.69464874267578 12
1754020564852 83.2654037475586 13
1754020564947 82.77423858642578 14
1754020565039 82.22120666503906 15
1754020565152 81.60549926757812 16
1754020565275 80.92403411865234 17
1754020565371 80.1661376953125 18
1754020565477 79.34773254394531 19
1754020565573 78.44251251220703 20
1754020565678 77.45841217041016 21
1754020565778 76.3861083984375 22
1754020565877 75.23388671875 23
1754020565963 73.99933624267578 24
1754020566069 72.66020965576172 25
1754020566158 71.23140716552734 26
1754020566258 69.69790649414062 27
1754020566358 68.05924987792969 28
1754020566455 66.35294342041016 29
1754020566545 64.52992248535156 30
1754020566652 62.614898681640625 31
1754020566759 60.61579513549805 32
1754020566865 58.51971435546875 33
1754020566963 56.37184524536133 34
1754020567050 54.08219528198242 35
1754020567179 51.81480026245117 36
1754020567312 49.4110107421875 37
1754020567428 47.052093505859375 38
1754020567564 44.643733978271484 39
1754020567684 42.30958557128906 40
1754020567801 39.96460723876953 41
1754020567905 37.671058654785156 42
1754020568031 35.55280685424805 43
1754020568153 33.51258087158203 44
1754020568286 31.6015625 45
1754020568412 29.7666072845459 46
1754020568536 28.040124893188477 47
1754020568656 26.475353240966797 48
1754020568782 24.99826431274414 49
1754020568902 23.644664764404297 50
1754020569021 22.38962173461914 51
1754020569154 21.319419860839844 52
1754020569271 20.275339126586914 53
1754020569378 19.360897064208984 54
1754020569478 18.515647888183594 55
1754020569578 17.694393157958984 56
1754020569681 16.982614517211914 57
1754020569780 16.338132858276367 58
1754020569883 15.74030590057373 59
1754020569983 15.215092658996582 60
1754020570081 14.719693183898926 61
1754020570189 14.292468070983887 62
1754020570291 13.91401481628418 63
1754020570391 13.568693161010742 64
1754020570492 13.241679191589355 65
1754020570603 12.95680046081543 66
1754020570705 12.66760540008545 67
1754020570804 12.429325103759766 68
1754020570903 12.205410957336426 69
1754020571002 11.993535041809082 70
1754020571111 11.808656692504883 71
1754020571219 11.634307861328125 72
1754020571348 11.468622207641602 73
1754020571468 11.325841903686523 74
1754020571577 11.175682067871094 75
1754020571692 11.032232284545898 76
1754020571804 10.893218994140625 77
1754020571928 10.76707649230957 78
1754020572053 10.637105941772461 79
1754020572159 10.519643783569336 80
1754020572262 10.40129280090332 81
1754020572375 10.285571098327637 82
1754020572483 10.174413681030273 83
1754020572582 10.060005187988281 84
1754020572686 9.945068359375 85
1754020572793 9.845906257629395 86
1754020572896 9.738085746765137 87
1754020573000 9.633657455444336 88
1754020573103 9.528757095336914 89
1754020573209 9.432211875915527 90
1754020573318 9.334434509277344 91
1754020573421 9.242697715759277 92
1754020573533 9.143159866333008 93
1754020573638 9.048818588256836 94
1754020573749 8.957779884338379 95
1754020573863 8.875665664672852 96
1754020573987 8.783973693847656 97
1754020574112 8.69360065460205 98
1754020574220 8.603399276733398 99
1754020563580 85.96678161621094 0
1754020563580 85.96678161621094 0
1754020563580 85.96678161621094 0
1754020563580 85.96678161621094 0
1754020563580 85.96678161621094 0
1754020563580 85.96678161621094 0
1754020563580 85.96678161621094 0
