1754020563569 7449.6279296875 0
1754020563664 7436.93603515625 1
1754020563766 7422.3251953125 2
1754020563863 7405.60009765625 3
1754020563958 7386.7294921875 4
1754020564059 7364.8173828125 5
1754020564156 7339.49462890625 6
1754020564246 7309.5048828125 7
1754020564350 7273.67578125 8
1754020564448 7232.07177734375 9
1754020564550 7183.2919921875 10
1754020564644 7126.3935546875 11
1754020564743 7062.6162109375 12
1754020564837 6990.6982421875 13
1754020564934 6908.7392578125 14
1754020565020 6817.1572265625 15
1754020565138 6715.8232421875 16
1754020565254 6605.22900390625 17
1754020565356 6482.875 18
1754020565462 6352.0556640625 19
1754020565563 6209.6787109375 20
1754020565667 6057.0302734375 21
1754020565765 5893.296875 22
1754020565863 5720.0888671875 23
1754020565956 5537.59619140625 24
1754020566057 5343.9833984375 25
1754020566148 5141.94677734375 26
1754020566242 4929.5029296875 27
1754020566347 4710.45361328125 28
1754020566434 4486.95703125 29
1754020566539 4256.146484375 30
1754020566642 4021.956298828125 31
1754020566738 3785.492919921875 32
1754020566850 3547.63134765625 33
1754020566942 3311.93798828125 34
1754020567040 3073.387939453125 35
1754020567159 2843.247314453125 36
1754020567302 2617.33837890625 37
1754020567418 2398.117919921875 38
1754020567550 2191.11865234375 39
1754020567663 1994.8265380859375 40
1754020567777 1810.21484375 41
1754020567897 1636.58154296875 42
1754020568017 1480.72216796875 43
1754020568141 1334.2816162109375 44
1754020568271 1200.162841796875 45
1754020568396 1078.9534912109375 46
1754020568526 971.9192504882812 47
1754020568646 873.2459716796875 48
1754020568760 787.3359985351562 49
1754020568889 708.6871337890625 50
1754020569011 643.2258911132812 51
1754020569143 583.731689453125 52
1754020569261 530.1634521484375 53
1754020569364 485.7911071777344 54
1754020569457 447.4337463378906 55
1754020569567 413.0896911621094 56
1754020569668 383.72381591796875 57
1754020569766 359.42938232421875 58
1754020569869 337.2955017089844 59
1754020569967 319.3182373046875 60
1754020570072 303.0664367675781 61
1754020570173 288.69268798828125 62
1754020570277 277.0334167480469 63
1754020570376 266.1683349609375 64
1754020570481 256.91632080078125 65
1754020570588 248.9365234375 66
1754020570689 240.8674774169922 67
1754020570789 234.1243438720703 68
1754020570886 227.7865447998047 69
1754020570988 221.6792449951172 70
1754020571093 216.1653594970703 71
1754020571205 211.5313720703125 72
1754020571334 206.59310913085938 73
1754020571453 202.11773681640625 74
1754020571563 197.52822875976562 75
1754020571678 193.42144775390625 76
1754020571788 189.35223388671875 77
1754020571915 185.62986755371094 78
1754020572036 181.51547241210938 79
1754020572146 177.78524780273438 80
1754020572256 174.2733917236328 81
1754020572359 170.81243896484375 82
1754020572463 167.52841186523438 83
1754020572569 164.0556182861328 84
1754020572674 160.97268676757812 85
1754020572779 158.05911254882812 86
1754020572886 154.85397338867188 87
1754020572989 152.06494140625 88
1754020573096 149.19223022460938 89
1754020573199 146.57662963867188 90
1754020573304 143.8730926513672 91
1754020573412 141.23660278320312 92
1754020573516 138.6279754638672 93
1754020573625 136.2903594970703 94
1754020573736 133.6710662841797 95
1754020573851 131.36282348632812 96
1754020573966 129.0046844482422 97
1754020574098 126.77345275878906 98
1754020574204 124.55619812011719 99
1754020563569 7449.6279296875 0
1754020563569 7449.6279296875 0
1754020563569 7449.6279296875 0
1754020563569 7449.6279296875 0
1754020563569 7449.6279296875 0
1754020563569 7449.6279296875 0
1754020563569 7449.6279296875 0
