1753843603191 86.08384704589844 0
1753843603369 85.94456481933594 1
1753843603507 85.78916931152344 2
1753843603658 85.60499572753906 3
1753843603792 85.37711334228516 4
1753843603942 85.09083557128906 5
1753843604084 84.73097229003906 6
1753843604230 84.29301452636719 7
1753843604443 83.78242492675781 8
1753843604563 83.18583679199219 9
1753843604702 82.49077606201172 10
1753843604839 81.68220520019531 11
1753843604950 80.7497787475586 12
1753843605057 79.67881774902344 13
1753843605173 78.46846008300781 14
1753843605323 77.09063720703125 15
1753843605441 75.53535461425781 16
1753843605567 73.7989730834961 17
1753843605678 71.88749694824219 18
1753843605798 69.77861785888672 19
1753843605908 67.46900177001953 20
1753843606024 64.9827880859375 21
1753843606133 62.29433059692383 22
1753843606256 59.44316864013672 23
1753843606383 56.40998458862305 24
1753843606517 53.273048400878906 25
1753843606634 49.959957122802734 26
1753843606754 46.59264373779297 27
1753843606880 43.11183166503906 28
1753843607052 39.61343765258789 29
1753843607215 36.17352294921875 30
1753843607368 32.930641174316406 31
1753843607523 29.886999130249023 32
1753843607667 27.121280670166016 33
1753843607840 24.696821212768555 34
1753843607978 22.569665908813477 35
1753843608108 20.744384765625 36
1753843608235 19.283998489379883 37
1753843608355 17.85871696472168 38
1753843608490 16.826557159423828 39
1753843608609 15.969752311706543 40
1753843608724 15.311917304992676 41
1753843608851 14.754613876342773 42
1753843608967 14.284930229187012 43
1753843609115 13.899325370788574 44
1753843609245 13.550189018249512 45
1753843609369 13.234782218933105 46
1753843609482 12.963656425476074 47
1753843609608 12.691937446594238 48
1753843609732 12.461633682250977 49
1753843609864 12.230978012084961 50
1753843610008 12.027910232543945 51
1753843610137 11.82308292388916 52
1753843610276 11.6171875 53
1753843610424 11.410890579223633 54
1753843610544 11.21639347076416 55
1753843610667 11.026290893554688 56
1753843610794 10.825984954833984 57
1753843610914 10.633758544921875 58
1753843611028 10.441803932189941 59
1753843611151 10.260273933410645 60
1753843611270 10.073476791381836 61
1753843611395 9.882100105285645 62
1753843611528 9.728287696838379 63
1753843611652 9.54466438293457 64
1753843611765 9.369100570678711 65
1753843611897 9.205583572387695 66
1753843612016 9.032323837280273 67
1753843612140 8.862887382507324 68
1753843612276 8.70063591003418 69
1753843612416 8.532344818115234 70
1753843612537 8.401023864746094 71
1753843612681 8.257004737854004 72
1753843612825 8.106095314025879 73
1753843612947 7.957878112792969 74
1753843613071 7.825179100036621 75
1753843613190 7.689664363861084 76
1753843613316 7.570265293121338 77
1753843613435 7.452973365783691 78
1753843613569 7.335365295410156 79
1753843613687 7.212907314300537 80
1753843613815 7.099471092224121 81
1753843613941 6.9871954917907715 82
1753843614063 6.878047943115234 83
1753843614190 6.774397373199463 84
1753843614317 6.6784491539001465 85
1753843614434 6.579519748687744 86
1753843614561 6.482958793640137 87
1753843614693 6.386708736419678 88
1753843614827 6.307028770446777 89
1753843614966 6.216840744018555 90
1753843615102 6.129704475402832 91
1753843615260 6.0471649169921875 92
1753843615387 5.97629451751709 93
1753843615536 5.905892848968506 94
1753843615681 5.837289810180664 95
1753843615840 5.767637252807617 96
1753843615961 5.707886695861816 97
1753843616083 5.649619102478027 98
1753843616201 5.593788146972656 99
1753843603191 86.08384704589844 0
