1753843603171 7470.20068359375 0
1753843603347 7446.6083984375 1
1753843603493 7420.1865234375 2
1753843603649 7389.0380859375 3
1753843603771 7350.3994140625 4
1753843603922 7301.9775390625 5
1753843604066 7241.2265625 6
1753843604210 7167.4208984375 7
1753843604422 7081.59228515625 8
1753843604544 6982.1572265625 9
1753843604674 6867.1728515625 10
1753843604820 6734.65869140625 11
1753843604930 6583.1259765625 12
1753843605042 6412.0224609375 13
1753843605154 6219.83642578125 14
1753843605302 6006.7685546875 15
1753843605422 5770.0869140625 16
1753843605546 5511.6083984375 17
1753843605668 5235.9970703125 18
1753843605780 4938.9228515625 19
1753843605893 4625.2890625 20
1753843606007 4300.99365234375 21
1753843606112 3963.64306640625 22
1753843606236 3622.21826171875 23
1753843606359 3279.225341796875 24
1753843606499 2941.63232421875 25
1753843606614 2609.59326171875 26
1753843606735 2293.132080078125 27
1753843606863 1996.591552734375 28
1753843607031 1719.392822265625 29
1753843607192 1467.3614501953125 30
1753843607344 1242.6060791015625 31
1753843607495 1049.1636962890625 32
1753843607650 880.5148315429688 33
1753843607819 741.7738037109375 34
1753843607956 629.2752685546875 35
1753843608088 536.6104736328125 36
1753843608213 466.86737060546875 37
1753843608337 409.0452575683594 38
1753843608471 369.75347900390625 39
1753843608591 337.9897766113281 40
1753843608706 314.06439208984375 41
1753843608833 295.384033203125 42
1753843608949 280.7823791503906 43
1753843609091 269.3291015625 44
1753843609224 259.3182373046875 45
1753843609346 250.44760131835938 46
1753843609470 242.9694366455078 47
1753843609591 235.6951446533203 48
1753843609711 229.11972045898438 49
1753843609839 222.7412872314453 50
1753843609989 216.4207305908203 51
1753843610117 210.0840606689453 52
1753843610259 204.30996704101562 53
1753843610404 198.40696716308594 54
1753843610522 193.04324340820312 55
1753843610647 187.4532470703125 56
1753843610773 181.73292541503906 57
1753843610895 176.41717529296875 58
1753843611014 171.2236785888672 59
1753843611137 166.21910095214844 60
1753843611259 161.18710327148438 61
1753843611381 156.304443359375 62
1753843611502 151.80947875976562 63
1753843611629 146.8803253173828 64
1753843611752 142.6615753173828 65
1753843611877 138.3672332763672 66
1753843612005 134.088623046875 67
1753843612121 130.0677947998047 68
1753843612260 126.29048919677734 69
1753843612396 122.1661148071289 70
1753843612516 118.8867416381836 71
1753843612662 115.00003814697266 72
1753843612807 111.4774398803711 73
1753843612927 108.19123840332031 74
1753843613050 104.99452209472656 75
1753843613170 101.960205078125 76
1753843613295 98.79000091552734 77
1753843613423 96.04527282714844 78
1753843613545 93.12519073486328 79
1753843613662 90.35636901855469 80
1753843613794 87.75819396972656 81
1753843613920 85.33670806884766 82
1753843614042 82.9319839477539 83
1753843614174 80.49108123779297 84
1753843614301 78.33262634277344 85
1753843614414 76.27136993408203 86
1753843614540 74.03140258789062 87
1753843614673 72.12651062011719 88
1753843614806 70.29228210449219 89
1753843614947 68.53166961669922 90
1753843615092 66.80244445800781 91
1753843615235 65.04718017578125 92
1753843615367 63.57494354248047 93
1753843615519 61.96257781982422 94
1753843615654 60.50300979614258 95
1753843615817 59.096588134765625 96
1753843615944 57.73284149169922 97
1753843616060 56.491851806640625 98
1753843616180 55.2006950378418 99
1753843603171 7470.20068359375 0
