1753843538444 86.20066833496094 0
1753843538540 86.11529541015625 1
1753843538638 86.03178405761719 2
1753843538732 85.94425201416016 3
1753843538819 85.85375213623047 4
1753843538905 85.75807189941406 5
1753843538988 85.65384674072266 6
1753843539088 85.53491973876953 7
1753843539187 85.40275573730469 8
1753843539283 85.25538635253906 9
1753843539375 85.08820343017578 10
1753843539469 84.89796447753906 11
1753843539559 84.67698669433594 12
1753843539660 84.4260025024414 13
1753843539764 84.1518325805664 14
1753843539862 83.84828186035156 15
1753843539959 83.51441192626953 16
1753843540062 83.14944458007812 17
1753843540163 82.74836730957031 18
1753843540266 82.31486511230469 19
1753843540357 81.84019470214844 20
1753843540457 81.32398986816406 21
1753843540557 80.76701354980469 22
1753843540657 80.15924072265625 23
1753843540756 79.50074005126953 24
1753843540847 78.78996276855469 25
1753843540950 78.02459716796875 26
1753843541037 77.19409942626953 27
1753843541148 76.30078125 28
1753843541233 75.34629821777344 29
1753843541341 74.34054565429688 30
1753843541441 73.24955749511719 31
1753843541542 72.11079406738281 32
1753843541633 70.89655303955078 33
1753843541740 69.62345886230469 34
1753843541840 68.28291320800781 35
1753843541933 66.89262390136719 36
1753843542042 65.4194107055664 37
1753843542137 63.905616760253906 38
1753843542240 62.321571350097656 39
1753843542343 60.675819396972656 40
1753843542438 58.994293212890625 41
1753843542524 57.258338928222656 42
1753843542623 55.49125289916992 43
1753843542725 53.67272186279297 44
1753843542823 51.83732986450195 45
1753843542917 49.992454528808594 46
1753843543017 48.095611572265625 47
1753843543124 46.21735763549805 48
1753843543225 44.313987731933594 49
1753843543328 42.39911651611328 50
1753843543444 40.516815185546875 51
1753843543555 38.66367721557617 52
1753843543650 36.83684539794922 53
1753843543755 35.094459533691406 54
1753843543854 33.34600830078125 55
1753843543946 31.647790908813477 56
1753843544053 30.013126373291016 57
1753843544182 28.43679428100586 58
1753843544307 26.89829444885254 59
1753843544420 25.39185333251953 60
1753843544525 24.025392532348633 61
1753843544628 22.78305435180664 62
1753843544736 21.571548461914062 63
1753843544845 20.4710750579834 64
1753843544946 19.47132110595703 65
1753843545042 18.57699203491211 66
1753843545145 17.813594818115234 67
1753843545254 17.16543197631836 68
1753843545347 16.540733337402344 69
1753843545474 16.02081871032715 70
1753843545581 15.577585220336914 71
1753843545679 15.163579940795898 72
1753843545783 14.8298921585083 73
1753843545878 14.497858047485352 74
1753843545989 14.208879470825195 75
1753843546082 13.927757263183594 76
1753843546181 13.677220344543457 77
1753843546291 13.45605754852295 78
1753843546411 13.223443984985352 79
1753843546533 13.014791488647461 80
1753843546656 12.81542682647705 81
1753843546764 12.6525297164917 82
1753843546878 12.485193252563477 83
1753843547029 12.325541496276855 84
1753843547152 12.1693696975708 85
1753843547280 12.026415824890137 86
1753843547418 11.892740249633789 87
1753843547526 11.7556791305542 88
1753843547624 11.618364334106445 89
1753843547723 11.490371704101562 90
1753843547831 11.36400318145752 91
1753843547940 11.232385635375977 92
1753843548041 11.103575706481934 93
1753843548139 10.985166549682617 94
1753843548234 10.864277839660645 95
1753843548327 10.750458717346191 96
1753843548442 10.632420539855957 97
1753843548543 10.532187461853027 98
1753843548639 10.419110298156738 99
1753843538444 86.20066833496094 0
1753843538444 86.20066833496094 0
1753843538444 86.20066833496094 0
