1753843538434 7489.9326171875 0
1753843538530 7475.54443359375 1
1753843538626 7461.36083984375 2
1753843538719 7446.68994140625 3
1753843538805 7431.39208984375 4
1753843538893 7415.20458984375 5
1753843538978 7397.50146484375 6
1753843539078 7377.2958984375 7
1753843539175 7354.7802734375 8
1753843539270 7329.69384765625 9
1753843539364 7301.21728515625 10
1753843539458 7268.91650390625 11
1753843539549 7231.5986328125 12
1753843539650 7189.3330078125 13
1753843539750 7143.17333984375 14
1753843539851 7092.3974609375 15
1753843539948 7036.7822265625 16
1753843540045 6976.32275390625 17
1753843540150 6910.125 18
1753843540252 6838.8994140625 19
1753843540340 6761.45166015625 20
1753843540442 6678.0595703125 21
1753843540545 6588.5888671875 22
1753843540643 6491.37890625 23
1753843540741 6387.86328125 24
1753843540837 6276.4873046875 25
1753843540936 6158.03759765625 26
1753843541027 6031.2060546875 27
1753843541135 5895.4462890625 28
1753843541223 5753.1884765625 29
1753843541333 5604.6015625 30
1753843541432 5446.2138671875 31
1753843541529 5283.8759765625 32
1753843541623 5114.06103515625 33
1753843541727 4938.5869140625 34
1753843541826 4757.88525390625 35
1753843541921 4573.716796875 36
1753843542027 4383.8017578125 37
1753843542126 4191.6455078125 38
1753843542230 3997.791015625 39
1753843542330 3801.59619140625 40
1753843542425 3606.04638671875 41
1753843542513 3409.151123046875 42
1753843542613 3215.47900390625 43
1753843542713 3022.512451171875 44
1753843542807 2831.0546875 45
1753843542910 2646.73291015625 46
1753843543007 2465.3193359375 47
1753843543108 2288.94140625 48
1753843543217 2120.28662109375 49
1753843543318 1956.388671875 50
1753843543424 1801.255126953125 51
1753843543534 1653.558837890625 52
1753843543630 1512.181640625 53
1753843543735 1382.7777099609375 54
1753843543843 1261.1248779296875 55
1753843543942 1146.7261962890625 56
1753843544043 1040.8935546875 57
1753843544165 947.2235107421875 58
1753843544291 859.9677734375 59
1753843544410 779.1554565429688 60
1753843544506 708.2010498046875 61
1753843544618 647.4420166015625 62
1753843544726 590.188720703125 63
1753843544829 540.1917114257812 64
1753843544925 496.5210876464844 65
1753843545021 458.16845703125 66
1753843545134 425.2281188964844 67
1753843545237 397.0460510253906 68
1753843545333 370.93731689453125 69
1753843545458 349.69085693359375 70
1753843545565 331.20281982421875 71
1753843545668 315.1720886230469 72
1753843545768 302.0249938964844 73
1753843545868 289.35809326171875 74
1753843545976 279.2685852050781 75
1753843546068 269.8974304199219 76
1753843546167 261.7730712890625 77
1753843546277 255.0548095703125 78
1753843546396 248.1366424560547 79
1753843546517 242.5152130126953 80
1753843546640 236.8203582763672 81
1753843546750 231.985107421875 82
1753843546865 227.1004638671875 83
1753843547019 222.5500030517578 84
1753843547141 218.30630493164062 85
1753843547265 214.275390625 86
1753843547408 210.3098907470703 87
1753843547520 206.42092895507812 88
1753843547614 202.79843139648438 89
1753843547711 199.39566040039062 90
1753843547816 195.71405029296875 91
1753843547926 192.21620178222656 92
1753843548028 188.71890258789062 93
1753843548125 185.4124755859375 94
1753843548220 181.92300415039062 95
1753843548321 178.85565185546875 96
1753843548427 175.60739135742188 97
1753843548531 172.60951232910156 98
1753843548628 169.26939392089844 99
1753843538434 7489.9326171875 0
1753843538434 7489.9326171875 0
1753843538434 7489.9326171875 0
