1754017840016 7488.54052734375 0
1754017840122 7470.39990234375 1
1754017840236 7453.3447265625 2
1754017840376 7436.90478515625 3
1754017840506 7419.97021484375 4
1754017840614 7401.54833984375 5
1754017840718 7379.5400390625 6
1754017840834 7355.5361328125 7
1754017840939 7329.9013671875 8
1754017841042 7301.83740234375 9
1754017841154 7270.89697265625 10
1754017841253 7236.5634765625 11
1754017841357 7198.51318359375 12
1754017841482 7156.2783203125 13
1754017841612 7109.7568359375 14
1754017841718 7058.34375 15
1754017841840 7001.39599609375 16
1754017841964 6938.9765625 17
1754017842083 6870.4169921875 18
1754017842193 6795.90380859375 19
1754017842298 6714.07275390625 20
1754017842426 6626.3857421875 21
1754017842551 6530.64501953125 22
1754017842670 6427.8310546875 23
1754017842778 6318.02197265625 24
1754017842892 6200.767578125 25
1754017843019 6075.45263671875 26
1754017843138 5943.748046875 27
1754017843249 5804.74951171875 28
1754017843366 5658.5302734375 29
1754017843484 5505.7783203125 30
1754017843614 5346.5302734375 31
1754017843716 5182.3642578125 32
1754017843817 5011.947265625 33
1754017843916 4836.4404296875 34
1754017844017 4656.6904296875 35
1754017844115 4473.888671875 36
1754017844224 4288.1376953125 37
1754017844331 4100.02783203125 38
1754017844434 3909.89013671875 39
1754017844533 3718.68115234375 40
1754017844637 3529.083251953125 41
1754017844754 3340.538330078125 42
1754017844850 3150.970703125 43
1754017844952 2967.037109375 44
1754017845054 2784.893310546875 45
1754017845152 2607.874755859375 46
1754017845250 2435.12353515625 47
1754017845359 2267.533203125 48
1754017845472 2107.36572265625 49
1754017845576 1951.446044921875 50
1754017845688 1805.098876953125 51
1754017845794 1665.1761474609375 52
1754017845910 1533.7718505859375 53
1754017846011 1409.124755859375 54
1754017846125 1292.5350341796875 55
1754017846223 1183.25732421875 56
1754017846333 1083.75634765625 57
1754017846452 990.6892700195312 58
1754017846557 906.8455810546875 59
1754017846678 828.2896728515625 60
1754017846785 758.1892700195312 61
1754017846908 693.691162109375 62
1754017847021 636.8421630859375 63
1754017847156 583.719970703125 64
1754017847271 538.6626586914062 65
1754017847411 496.152099609375 66
1754017847533 459.82720947265625 67
1754017847663 426.3633728027344 68
1754017847773 398.0155029296875 69
1754017847929 373.5323486328125 70
1754017848067 349.0850830078125 71
1754017848191 329.55645751953125 72
1754017848323 311.9734191894531 73
1754017848433 296.33477783203125 74
1754017848549 282.9648742675781 75
1754017848658 270.2402648925781 76
1754017848754 259.54766845703125 77
1754017848867 249.93240356445312 78
1754017848998 241.22909545898438 79
1754017849093 233.1968231201172 80
1754017849208 226.39794921875 81
1754017849322 220.1311492919922 82
1754017849436 213.94046020507812 83
1754017849554 208.45303344726562 84
1754017849661 203.47665405273438 85
1754017849766 198.71470642089844 86
1754017849878 194.1132354736328 87
1754017849985 190.09466552734375 88
1754017850091 185.81201171875 89
1754017850192 181.69363403320312 90
1754017850308 177.8073272705078 91
1754017850422 174.0843963623047 92
1754017850583 170.41917419433594 93
1754017850692 166.92953491210938 94
1754017850800 163.5823974609375 95
1754017850908 160.12332153320312 96
1754017851018 157.04690551757812 97
1754017851128 153.68807983398438 98
1754017851257 150.6979522705078 99
1754017840016 7488.54052734375 0
