1754017840031 86.19102478027344 0
1754017840137 86.08406066894531 1
1754017840249 85.9839859008789 2
1754017840395 85.88682556152344 3
1754017840526 85.78607940673828 4
1754017840627 85.67738342285156 5
1754017840734 85.54631042480469 6
1754017840848 85.40412902832031 7
1754017840952 85.25138854980469 8
1754017841056 85.08438873291016 9
1754017841169 84.89958190917969 10
1754017841263 84.69453430175781 11
1754017841366 84.46582794189453 12
1754017841495 84.212158203125 13
1754017841629 83.93069458007812 14
1754017841733 83.6192855834961 15
1754017841854 83.271484375 16
1754017841984 82.89161682128906 17
1754017842093 82.47095489501953 18
1754017842209 82.0108871459961 19
1754017842318 81.50233459472656 20
1754017842442 80.95399475097656 21
1754017842558 80.35221099853516 22
1754017842680 79.69679260253906 23
1754017842784 78.99459075927734 24
1754017842912 78.23577117919922 25
1754017843040 77.41969299316406 26
1754017843151 76.55299377441406 27
1754017843264 75.61845397949219 28
1754017843380 74.62528991699219 29
1754017843500 73.5716781616211 30
1754017843624 72.46468353271484 31
1754017843731 71.29734802246094 32
1754017843826 70.06207275390625 33
1754017843930 68.7734603881836 34
1754017844029 67.41584777832031 35
1754017844125 66.01437377929688 36
1754017844241 64.54684448242188 37
1754017844344 63.03203201293945 38
1754017844442 61.4579963684082 39
1754017844545 59.8289909362793 40
1754017844655 58.16664505004883 41
1754017844765 56.45548629760742 42
1754017844863 54.70665740966797 43
1754017844964 52.92900848388672 44
1754017845064 51.105308532714844 45
1754017845168 49.25940704345703 46
1754017845262 47.402130126953125 47
1754017845371 45.548095703125 48
1754017845487 43.67519760131836 49
1754017845591 41.81988525390625 50
1754017845701 40.011329650878906 51
1754017845815 38.20897674560547 52
1754017845931 36.44449996948242 53
1754017846021 34.73445510864258 54
1754017846141 33.0429801940918 55
1754017846237 31.43385887145996 56
1754017846343 29.922863006591797 57
1754017846457 28.514820098876953 58
1754017846567 27.213708877563477 59
1754017846688 25.993938446044922 60
1754017846804 24.834293365478516 61
1754017846918 23.706951141357422 62
1754017847035 22.69782257080078 63
1754017847168 21.66066551208496 64
1754017847285 20.769420623779297 65
1754017847431 19.883747100830078 66
1754017847543 19.090829849243164 67
1754017847673 18.306833267211914 68
1754017847784 17.64073371887207 69
1754017847950 16.98916244506836 70
1754017848081 16.345409393310547 71
1754017848215 15.794901847839355 72
1754017848344 15.292760848999023 73
1754017848449 14.824071884155273 74
1754017848565 14.395437240600586 75
1754017848672 13.972780227661133 76
1754017848774 13.626856803894043 77
1754017848894 13.2981538772583 78
1754017849012 13.003965377807617 79
1754017849114 12.743037223815918 80
1754017849225 12.502936363220215 81
1754017849338 12.297171592712402 82
1754017849445 12.094244003295898 83
1754017849574 11.92117691040039 84
1754017849672 11.757988929748535 85
1754017849782 11.59803581237793 86
1754017849897 11.43095588684082 87
1754017849994 11.2799711227417 88
1754017850105 11.134122848510742 89
1754017850201 11.00007152557373 90
1754017850322 10.85608959197998 91
1754017850432 10.724940299987793 92
1754017850602 10.583800315856934 93
1754017850703 10.45560073852539 94
1754017850813 10.329986572265625 95
1754017850928 10.212780952453613 96
1754017851034 10.103911399841309 97
1754017851145 9.985220909118652 98
1754017851273 9.882057189941406 99
1754017840031 86.19102478027344 0
