1754019268799 86.37222290039062 0
1754019268953 86.20777130126953 1
1754019269120 86.0459976196289 2
1754019269290 85.87776184082031 3
1754019269474 85.69277954101562 4
1754019269627 85.49481201171875 5
1754019269766 85.26245880126953 6
1754019269915 84.99447631835938 7
1754019270077 84.67991638183594 8
1754019270230 84.30224609375 9
1754019270394 83.84733581542969 10
1754019270543 83.31217193603516 11
1754019270694 82.672607421875 12
1754019270893 81.92102813720703 13
1754019271049 81.0482406616211 14
1754019271215 80.05162048339844 15
1754019271357 78.87757873535156 16
1754019271490 77.55952453613281 17
1754019271638 76.06852722167969 18
1754019271766 74.4044418334961 19
1754019271911 72.53858947753906 20
1754019272085 70.51145935058594 21
1754019272245 68.28709411621094 22
1754019272385 65.86813354492188 23
1754019272527 63.266021728515625 24
1754019272672 60.51218795776367 25
1754019272813 57.568016052246094 26
1754019272972 54.4767951965332 27
1754019273143 51.299339294433594 28
1754019273310 47.987510681152344 29
1754019273535 44.58379364013672 30
1754019273744 41.121376037597656 31
1754019273910 37.68777084350586 32
1754019274088 34.37796401977539 33
1754019274254 31.251489639282227 34
1754019274443 28.31234359741211 35
1754019274688 25.675512313842773 36
1754019274860 23.4197940826416 37
1754019275001 21.403675079345703 38
1754019275140 19.62752914428711 39
1754019275291 18.139408111572266 40
1754019275433 16.923383712768555 41
1754019275569 15.88514232635498 42
1754019275729 15.056190490722656 43
1754019275894 14.38610553741455 44
1754019276050 13.844926834106445 45
1754019276199 13.436396598815918 46
1754019276352 13.043561935424805 47
1754019276519 12.717708587646484 48
1754019276709 12.431069374084473 49
1754019276877 12.174962997436523 50
1754019277045 11.948676109313965 51
1754019277215 11.707961082458496 52
1754019277396 11.483256340026855 53
1754019277575 11.290807723999023 54
1754019277758 11.095993995666504 55
1754019277917 10.91373348236084 56
1754019278101 10.736902236938477 57
1754019278247 10.556232452392578 58
1754019278395 10.385305404663086 59
1754019278551 10.220331192016602 60
1754019278702 10.054449081420898 61
1754019278868 9.884599685668945 62
1754019279071 9.712611198425293 63
1754019279219 9.560125350952148 64
1754019279375 9.40888786315918 65
1754019279602 9.249273300170898 66
1754019279818 9.109254837036133 67
1754019280018 8.943181991577148 68
1754019280215 8.778501510620117 69
1754019280364 8.632146835327148 70
1754019280511 8.482976913452148 71
1754019280656 8.345108032226562 72
1754019280799 8.187051773071289 73
1754019280945 8.034165382385254 74
1754019281083 7.906191349029541 75
1754019281236 7.7707839012146 76
1754019281372 7.64638614654541 77
1754019281525 7.519925117492676 78
1754019281663 7.3775634765625 79
1754019281802 7.2714338302612305 80
1754019281954 7.160930633544922 81
1754019282114 7.052923679351807 82
1754019282278 6.9243268966674805 83
1754019282428 6.81381893157959 84
1754019282592 6.706892967224121 85
1754019282758 6.623020172119141 86
1754019282922 6.517549991607666 87
1754019283131 6.426592826843262 88
1754019283273 6.33000373840332 89
1754019283428 6.243316650390625 90
1754019283565 6.156390190124512 91
1754019283712 6.0759477615356445 92
1754019283873 6.01129150390625 93
1754019284015 5.941091537475586 94
1754019284164 5.871729850769043 95
1754019284317 5.792468070983887 96
1754019284470 5.7227067947387695 97
1754019284623 5.647244453430176 98
1754019284773 5.594802379608154 99
1754019268799 86.37222290039062 0
