1754019268780 7520.53662109375 0
1754019268929 7491.8037109375 1
1754019269092 7463.69775390625 2
1754019269252 7434.6796875 3
1754019269446 7403.04052734375 4
1754019269609 7369.18212890625 5
1754019269742 7329.50634765625 6
1754019269886 7283.6982421875 7
1754019270052 7230.27734375 8
1754019270202 7166.3310546875 9
1754019270370 7089.9560546875 10
1754019270521 7000.1240234375 11
1754019270669 6894.6171875 12
1754019270867 6771.22021484375 13
1754019271022 6629.34912109375 14
1754019271192 6468.7666015625 15
1754019271335 6283.6552734375 16
1754019271469 6078.50341796875 17
1754019271615 5850.6748046875 18
1754019271754 5602.64990234375 19
1754019271886 5332.39111328125 20
1754019272060 5044.3564453125 21
1754019272223 4739.0146484375 22
1754019272360 4420.02197265625 23
1754019272504 4089.36669921875 24
1754019272649 3755.21728515625 25
1754019272788 3416.90673828125 26
1754019272950 3079.59326171875 27
1754019273117 2750.14013671875 28
1754019273282 2432.236083984375 29
1754019273508 2127.930908203125 30
1754019273714 1844.9654541015625 31
1754019273889 1581.2125244140625 32
1754019274063 1345.039794921875 33
1754019274236 1135.175048828125 34
1754019274417 955.1262817382812 35
1754019274660 798.5667114257812 36
1754019274830 670.213623046875 37
1754019274981 566.83447265625 38
1754019275119 483.1786193847656 39
1754019275270 418.81512451171875 40
1754019275413 369.19500732421875 41
1754019275538 330.9654235839844 42
1754019275711 301.93182373046875 43
1754019275866 280.5228271484375 44
1754019276023 263.0451965332031 45
1754019276178 250.03268432617188 46
1754019276328 239.1151580810547 47
1754019276486 229.9152069091797 48
1754019276679 221.5505828857422 49
1754019276847 214.4656219482422 50
1754019277014 207.8900604248047 51
1754019277190 201.52259826660156 52
1754019277368 195.47055053710938 53
1754019277549 189.94281005859375 54
1754019277715 184.32420349121094 55
1754019277896 179.02572631835938 56
1754019278074 173.82142639160156 57
1754019278227 168.84295654296875 58
1754019278365 164.00949096679688 59
1754019278530 159.57969665527344 60
1754019278679 154.912841796875 61
1754019278843 150.41380310058594 62
1754019279043 146.00637817382812 63
1754019279193 141.95419311523438 64
1754019279340 137.9719696044922 65
1754019279567 133.76678466796875 66
1754019279785 130.1665802001953 67
1754019279981 126.06541442871094 68
1754019280188 122.46150207519531 69
1754019280339 118.9637222290039 70
1754019280482 115.27491760253906 71
1754019280633 111.95259857177734 72
1754019280776 108.587890625 73
1754019280922 105.42402648925781 74
1754019281062 102.45479583740234 75
1754019281209 99.33761596679688 76
1754019281352 96.5383071899414 77
1754019281499 93.58946228027344 78
1754019281643 90.77519226074219 79
1754019281781 88.35484313964844 80
1754019281926 85.78345489501953 81
1754019282096 83.36132049560547 82
1754019282260 80.78416442871094 83
1754019282398 78.59676361083984 84
1754019282562 76.40386962890625 85
1754019282737 74.58790588378906 86
1754019282902 72.25469207763672 87
1754019283101 70.47383117675781 88
1754019283248 68.4216537475586 89
1754019283397 66.65702056884766 90
1754019283544 64.93218231201172 91
1754019283694 63.24724578857422 92
1754019283839 61.75425338745117 93
1754019283994 60.1796760559082 94
1754019284144 58.69279861450195 95
1754019284293 57.21930694580078 96
1754019284447 55.996368408203125 97
1754019284602 54.646278381347656 98
1754019284745 53.671630859375 99
1754019268780 7520.53662109375 0
