1754019235380 7475.07275390625 0
1754019235556 7440.1376953125 1
1754019235699 7389.90234375 2
1754019235814 7309.2900390625 3
1754019235941 7175.67822265625 4
1754019236074 6950.09375 5
1754019236222 6590.171875 6
1754019236343 6050.1435546875 7
1754019236476 5256.8037109375 8
1754019236621 4117.62353515625 9
1754019236750 2819.99853515625 10
1754019236875 1685.656005859375 11
1754019237009 916.4778442382812 12
1754019237159 832.28759765625 13
1754019237301 686.58935546875 14
1754019237446 669.1234130859375 15
1754019237574 728.4456787109375 16
1754019237753 616.6397094726562 17
1754019237907 562.8980102539062 18
1754019238078 592.3021850585938 19
1754019238227 505.409423828125 20
1754019238366 449.7959899902344 21
1754019238485 434.7709045410156 22
1754019238620 439.74395751953125 23
1754019238749 363.5442810058594 24
1754019238882 410.3233947753906 25
1754019239008 386.28057861328125 26
1754019239150 358.61566162109375 27
1754019239291 342.6847839355469 28
1754019239416 345.0444641113281 29
1754019239554 319.53900146484375 30
1754019239690 294.0459899902344 31
1754019239819 304.0274658203125 32
1754019239947 292.3137512207031 33
1754019240113 248.3581085205078 34
1754019240273 271.9604187011719 35
1754019240398 265.0140380859375 36
1754019240525 253.3289337158203 37
1754019240659 255.83255004882812 38
1754019240789 214.2111053466797 39
1754019240924 215.64810180664062 40
1754019241070 276.8036193847656 41
1754019241213 228.11178588867188 42
1754019241351 231.4795379638672 43
1754019241498 204.12106323242188 44
1754019241684 201.9359588623047 45
1754019241804 207.0738983154297 46
1754019241971 217.2319793701172 47
1754019242096 188.63406372070312 48
1754019242240 190.77371215820312 49
1754019242385 187.50204467773438 50
1754019242535 176.51864624023438 51
1754019242677 198.67550659179688 52
1754019242807 192.9530487060547 53
1754019242945 191.3465118408203 54
1754019243081 186.54531860351562 55
1754019243235 176.43112182617188 56
1754019243377 174.46978759765625 57
1754019243524 164.84954833984375 58
1754019243666 193.87188720703125 59
1754019243795 182.1713409423828 60
1754019243943 164.9656982421875 61
1754019244093 171.2126007080078 62
1754019244239 175.462158203125 63
1754019244418 155.92437744140625 64
1754019244563 170.4608612060547 65
1754019244694 158.00437927246094 66
1754019244855 146.7767791748047 67
1754019245006 163.56661987304688 68
1754019245153 181.480712890625 69
1754019245285 141.57736206054688 70
1754019245415 154.14012145996094 71
1754019245558 159.57066345214844 72
1754019245700 157.23855590820312 73
1754019245843 162.91856384277344 74
1754019245984 168.4602508544922 75
1754019246132 177.08843994140625 76
1754019246278 149.76502990722656 77
1754019246430 164.8760223388672 78
1754019246575 153.90542602539062 79
1754019246807 180.64096069335938 80
1754019246949 157.9987335205078 81
1754019247098 145.49063110351562 82
1754019247239 157.1591796875 83
1754019247378 163.42295837402344 84
1754019247520 175.01919555664062 85
1754019247664 172.19717407226562 86
1754019247818 150.25216674804688 87
1754019248060 145.7628936767578 88
1754019248202 147.5224151611328 89
1754019248352 178.6531524658203 90
1754019248507 160.8908233642578 91
1754019248650 138.2729034423828 92
1754019248803 161.12615966796875 93
1754019248956 134.23294067382812 94
1754019249096 142.2764434814453 95
1754019249220 153.60179138183594 96
1754019249358 145.96224975585938 97
1754019249506 143.19342041015625 98
1754019249651 137.75180053710938 99
1754019235380 7475.07275390625 0
1754019235380 7475.07275390625 0
1754019235380 7475.07275390625 0
