1754019235403 86.1130599975586 0
1754019235572 85.90772247314453 1
1754019235715 85.6110610961914 2
1754019235831 85.13118743896484 3
1754019235959 84.32313537597656 4
1754019236088 82.9548110961914 5
1754019236238 80.72789764404297 6
1754019236363 77.20545959472656 7
1754019236496 71.66325378417969 8
1754019236640 62.7692985534668 9
1754019236768 50.28346633911133 10
1754019236896 37.27021408081055 11
1754019237030 25.598155975341797 12
1754019237180 23.134748458862305 13
1754019237311 20.99788475036621 14
1754019237463 21.072572708129883 15
1754019237596 21.480831146240234 16
1754019237771 20.677249908447266 17
1754019237922 19.667377471923828 18
1754019238095 20.040924072265625 19
1754019238243 17.698312759399414 20
1754019238387 17.303787231445312 21
1754019238502 17.267696380615234 22
1754019238636 17.094392776489258 23
1754019238767 15.265396118164062 24
1754019238898 16.326953887939453 25
1754019239029 15.907035827636719 26
1754019239168 14.957812309265137 27
1754019239309 14.854667663574219 28
1754019239439 14.990513801574707 29
1754019239569 13.945791244506836 30
1754019239709 13.637094497680664 31
1754019239835 13.88873291015625 32
1754019239969 13.60426139831543 33
1754019240128 12.625896453857422 34
1754019240276 13.003427505493164 35
1754019240414 12.786073684692383 36
1754019240542 12.615592956542969 37
1754019240675 12.835058212280273 38
1754019240805 11.824180603027344 39
1754019240942 11.641550064086914 40
1754019241089 13.161924362182617 41
1754019241230 11.79820442199707 42
1754019241371 12.117254257202148 43
1754019241521 11.124970436096191 44
1754019241692 11.31027889251709 45
1754019241836 11.734468460083008 46
1754019241986 11.708663940429688 47
1754019242112 10.94631290435791 48
1754019242256 11.062644958496094 49
1754019242398 10.790532112121582 50
1754019242547 10.787627220153809 51
1754019242688 10.997514724731445 52
1754019242823 10.910270690917969 53
1754019242963 11.32021427154541 54
1754019243102 10.818999290466309 55
1754019243254 10.722597122192383 56
1754019243397 10.743085861206055 57
1754019243544 10.3700590133667 58
1754019243683 11.177112579345703 59
1754019243814 10.67001724243164 60
1754019243970 10.482381820678711 61
1754019244124 10.627248764038086 62
1754019244262 10.436976432800293 63
1754019244433 9.878316879272461 64
1754019244579 10.399327278137207 65
1754019244715 10.07482624053955 66
1754019244879 9.748476028442383 67
1754019245027 10.27496337890625 68
1754019245171 10.689801216125488 69
1754019245309 9.416166305541992 70
1754019245428 9.919548034667969 71
1754019245577 9.84685230255127 72
1754019245720 9.997472763061523 73
1754019245864 10.198077201843262 74
1754019246005 10.197176933288574 75
1754019246153 10.277860641479492 76
1754019246302 10.081666946411133 77
1754019246449 10.057504653930664 78
1754019246611 9.832761764526367 79
1754019246827 11.08409595489502 80
1754019246970 9.985690116882324 81
1754019247118 9.538853645324707 82
1754019247247 9.762060165405273 83
1754019247397 10.409934043884277 84
1754019247540 10.606034278869629 85
1754019247693 10.584025382995605 86
1754019247839 9.826788902282715 87
1754019248082 9.661718368530273 88
1754019248224 9.902379035949707 89
1754019248380 10.734304428100586 90
1754019248527 10.12890338897705 91
1754019248672 9.29118537902832 92
1754019248831 10.166219711303711 93
1754019248984 9.338560104370117 94
1754019249114 9.802005767822266 95
1754019249241 9.871034622192383 96
1754019249381 9.449967384338379 97
1754019249528 9.27358627319336 98
1754019249672 9.332610130310059 99
1754019235403 86.1130599975586 0
1754019235403 86.1130599975586 0
1754019235403 86.1130599975586 0
