1754019203975 7387.53759765625 0
1754019204078 7364.15478515625 1
1754019204168 7337.80224609375 2
1754019204273 7308.3583984375 3
1754019204358 7275.0849609375 4
1754019204458 7236.4619140625 5
1754019204557 7192.44775390625 6
1754019204652 7141.02490234375 7
1754019204736 7082.0517578125 8
1754019204840 7014.4521484375 9
1754019204933 6941.40478515625 10
1754019205030 6861.6015625 11
1754019205130 6775.2685546875 12
1754019205238 6680.5107421875 13
1754019205344 6578.0634765625 14
1754019205442 6468.078125 15
1754019205553 6348.6943359375 16
1754019205653 6220.1015625 17
1754019205759 6083.66455078125 18
1754019205859 5935.962890625 19
1754019205957 5778.84814453125 20
1754019206060 5612.8828125 21
1754019206158 5438.03515625 22
1754019206256 5253.41015625 23
1754019206360 5058.9912109375 24
1754019206465 4858.09716796875 25
1754019206557 4647.72021484375 26
1754019206677 4432.15771484375 27
1754019206797 4209.66943359375 28
1754019206901 3983.74853515625 29
1754019207005 3753.120361328125 30
1754019207103 3521.94287109375 31
1754019207201 3289.528076171875 32
1754019207298 3059.79736328125 33
1754019207423 2835.29833984375 34
1754019207541 2613.369384765625 35
1754019207658 2398.03955078125 36
1754019207785 2191.52099609375 37
1754019207897 1992.7740478515625 38
1754019208025 1807.551513671875 39
1754019208152 1631.0361328125 40
1754019208270 1469.38330078125 41
1754019208400 1317.341552734375 42
1754019208511 1182.0399169921875 43
1754019208627 1055.3798828125 44
1754019208730 944.8157958984375 45
1754019208835 847.66552734375 46
1754019208932 759.3218383789062 47
1754019209038 685.668212890625 48
1754019209136 619.9323120117188 49
1754019209243 562.0803833007812 50
1754019209347 513.4273681640625 51
1754019209447 473.0354919433594 52
1754019209553 437.3655700683594 53
1754019209655 407.9295959472656 54
1754019209759 382.65948486328125 55
1754019209863 361.27642822265625 56
1754019209969 343.80682373046875 57
1754019210067 327.7473449707031 58
1754019210177 315.23101806640625 59
1754019210280 303.010498046875 60
1754019210401 293.4897155761719 61
1754019210518 284.63446044921875 62
1754019210627 276.58843994140625 63
1754019210745 268.60455322265625 64
1754019210868 262.29815673828125 65
1754019210993 255.6883087158203 66
1754019211118 249.5857391357422 67
1754019211225 244.1862335205078 68
1754019211330 238.6848602294922 69
1754019211437 234.01416015625 70
1754019211542 228.44540405273438 71
1754019211644 223.84158325195312 72
1754019211763 219.12893676757812 73
1754019211879 214.6761474609375 74
1754019211982 210.09182739257812 75
1754019212093 205.8134765625 76
1754019212193 201.7969512939453 77
1754019212304 197.68873596191406 78
1754019212416 193.81356811523438 79
1754019212517 189.94471740722656 80
1754019212633 186.1927032470703 81
1754019212732 182.5829620361328 82
1754019212849 179.07705688476562 83
1754019212951 175.41372680664062 84
1754019213075 172.0919189453125 85
1754019213196 168.72787475585938 86
1754019213296 165.45840454101562 87
1754019213419 162.21725463867188 88
1754019213550 159.2169952392578 89
1754019213686 156.1785430908203 90
1754019213868 153.27691650390625 91
1754019214046 150.48255920410156 92
1754019214213 147.43740844726562 93
1754019214372 144.80087280273438 94
1754019214510 142.08033752441406 95
1754019214654 139.39035034179688 96
1754019214810 136.8925018310547 97
1754019214997 134.27120971679688 98
1754019215170 131.80943298339844 99
1754019203975 7387.53759765625 0
1754019203975 7387.53759765625 0
1754019203975 7387.53759765625 0
1754019203975 7387.53759765625 0
1754019203975 7387.53759765625 0
1754019203975 7387.53759765625 0
1754019203975 7387.53759765625 0
