1754019203991 85.574462890625 0
1754019204091 85.43214416503906 1
1754019204188 85.27132415771484 2
1754019204285 85.09186553955078 3
1754019204379 84.89009857177734 4
1754019204472 84.65522003173828 5
1754019204563 84.3875961303711 6
1754019204665 84.07585144042969 7
1754019204756 83.71549987792969 8
1754019204853 83.30097961425781 9
1754019204944 82.84986877441406 10
1754019205041 82.35596466064453 11
1754019205143 81.81915283203125 12
1754019205250 81.22452545166016 13
1754019205356 80.57673645019531 14
1754019205446 79.87630462646484 15
1754019205565 79.10105895996094 16
1754019205668 78.26483154296875 17
1754019205768 77.36637115478516 18
1754019205865 76.37895202636719 19
1754019205970 75.31657409667969 20
1754019206072 74.16462707519531 21
1754019206170 72.93866729736328 22
1754019206268 71.63056945800781 23
1754019206373 70.21240234375 24
1754019206470 68.72237396240234 25
1754019206574 67.10633087158203 26
1754019206701 65.41925048828125 27
1754019206807 63.63370895385742 28
1754019206909 61.7563362121582 29
1754019207019 59.78266525268555 30
1754019207116 57.71757888793945 31
1754019207205 55.602813720703125 32
1754019207308 53.43596267700195 33
1754019207437 51.214935302734375 34
1754019207547 48.95306396484375 35
1754019207679 46.65308380126953 36
1754019207796 44.34003829956055 37
1754019207917 42.05810546875 38
1754019208045 39.80485916137695 39
1754019208167 37.60564422607422 40
1754019208282 35.490150451660156 41
1754019208417 33.38732147216797 42
1754019208531 31.369287490844727 43
1754019208638 29.376922607421875 44
1754019208740 27.54306411743164 45
1754019208849 25.86636734008789 46
1754019208943 24.27249526977539 47
1754019209050 22.91439437866211 48
1754019209146 21.732391357421875 49
1754019209257 20.622753143310547 50
1754019209367 19.637409210205078 51
1754019209461 18.786739349365234 52
1754019209565 18.007549285888672 53
1754019209672 17.3046932220459 54
1754019209774 16.695812225341797 55
1754019209881 16.171859741210938 56
1754019209984 15.724321365356445 57
1754019210087 15.264192581176758 58
1754019210192 14.885168075561523 59
1754019210295 14.527216911315918 60
1754019210411 14.25452709197998 61
1754019210529 13.993623733520508 62
1754019210637 13.762948989868164 63
1754019210769 13.528162002563477 64
1754019210891 13.338404655456543 65
1754019211013 13.153185844421387 66
1754019211133 12.973211288452148 67
1754019211238 12.808430671691895 68
1754019211344 12.644464492797852 69
1754019211454 12.492156982421875 70
1754019211555 12.335083961486816 71
1754019211652 12.188705444335938 72
1754019211777 12.03457260131836 73
1754019211892 11.902444839477539 74
1754019211999 11.76807975769043 75
1754019212103 11.635475158691406 76
1754019212214 11.500873565673828 77
1754019212315 11.366344451904297 78
1754019212432 11.245475769042969 79
1754019212537 11.124156951904297 80
1754019212645 10.999135971069336 81
1754019212754 10.88058090209961 82
1754019212860 10.769542694091797 83
1754019212972 10.64730167388916 84
1754019213085 10.54159164428711 85
1754019213212 10.42822551727295 86
1754019213307 10.313584327697754 87
1754019213440 10.206199645996094 88
1754019213568 10.098177909851074 89
1754019213697 9.990218162536621 90
1754019213884 9.883920669555664 91
1754019214061 9.788334846496582 92
1754019214233 9.680315971374512 93
1754019214382 9.57585620880127 94
1754019214529 9.470621109008789 95
1754019214670 9.375070571899414 96
1754019214839 9.271859169006348 97
1754019215018 9.16616439819336 98
1754019215185 9.066957473754883 99
1754019203991 85.574462890625 0
1754019203991 85.574462890625 0
1754019203991 85.574462890625 0
1754019203991 85.574462890625 0
1754019203991 85.574462890625 0
1754019203991 85.574462890625 0
1754019203991 85.574462890625 0
