1754018696699 7458.2705078125 0
1754018696876 7432.6328125 1
1754018697057 7405.55224609375 2
1754018697208 7373.7919921875 3
1754018697349 7336.7734375 4
1754018697495 7292.9072265625 5
1754018697622 7239.6875 6
1754018697772 7174.25927734375 7
1754018697919 7096.04296875 8
1754018698055 7004.3427734375 9
1754018698182 6893.2265625 10
1754018698329 6766.265625 11
1754018698460 6618.7939453125 12
1754018698609 6449.2900390625 13
1754018698749 6257.3232421875 14
1754018698878 6042.79638671875 15
1754018699032 5804.109375 16
1754018699183 5542.72802734375 17
1754018699332 5259.419921875 18
1754018699493 4957.37744140625 19
1754018699636 4633.78271484375 20
1754018699792 4300.32958984375 21
1754018699974 3956.588623046875 22
1754018700125 3605.923828125 23
1754018700282 3258.801513671875 24
1754018700444 2914.145751953125 25
1754018700599 2579.66015625 26
1754018700756 2261.525146484375 27
1754018700913 1964.376953125 28
1754018701066 1687.106689453125 29
1754018701223 1438.33740234375 30
1754018701404 1217.6058349609375 31
1754018701600 1026.475341796875 32
1754018701756 859.71728515625 33
1754018701927 724.6707763671875 34
1754018702073 610.5955810546875 35
1754018702212 518.5318603515625 36
1754018702372 445.79571533203125 37
1754018702512 390.78363037109375 38
1754018702657 343.99261474609375 39
1754018702798 312.6599426269531 40
1754018702938 285.6850280761719 41
1754018703085 265.89520263671875 42
1754018703228 251.33126831054688 43
1754018703367 237.7865753173828 44
1754018703516 228.3026885986328 45
1754018703661 219.85009765625 46
1754018703827 212.99221801757812 47
1754018704001 205.23324584960938 48
1754018704150 199.14395141601562 49
1754018704314 193.3108367919922 50
1754018704474 187.57200622558594 51
1754018704639 182.19358825683594 52
1754018704820 176.89120483398438 53
1754018704981 171.8064422607422 54
1754018705137 166.71055603027344 55
1754018705332 162.12637329101562 56
1754018705487 157.33148193359375 57
1754018705642 153.1513214111328 58
1754018705837 148.45420837402344 59
1754018705994 144.12774658203125 60
1754018706162 140.0809326171875 61
1754018706334 135.99917602539062 62
1754018706502 132.4902801513672 63
1754018706695 128.3302001953125 64
1754018706868 124.62725830078125 65
1754018707031 120.89552307128906 66
1754018707193 117.92869567871094 67
1754018707349 114.01399993896484 68
1754018707513 110.95091247558594 69
1754018707669 107.78282165527344 70
1754018707844 104.67630767822266 71
1754018707998 101.78213500976562 72
1754018708170 98.98006439208984 73
1754018708355 96.2750244140625 74
1754018708511 93.85458374023438 75
1754018708672 91.20259094238281 76
1754018708852 88.5393295288086 77
1754018709014 86.1951904296875 78
1754018709165 83.92704010009766 79
1754018709338 81.86888122558594 80
1754018709508 79.57681274414062 81
1754018709667 77.49308776855469 82
1754018709836 75.59159088134766 83
1754018709991 73.64601135253906 84
1754018710143 71.89533996582031 85
1754018710324 70.23835754394531 86
1754018710493 68.53429412841797 87
1754018710663 66.9795913696289 88
1754018710829 65.36471557617188 89
1754018710988 64.015380859375 90
1754018711131 62.487770080566406 91
1754018711315 61.19160842895508 92
1754018711455 59.834754943847656 93
1754018711606 58.618003845214844 94
1754018711748 57.47938919067383 95
1754018711898 56.29749298095703 96
1754018712029 55.112144470214844 97
1754018712162 54.114891052246094 98
1754018712310 53.01348876953125 99
1754018696699 7458.2705078125 0
