1754018696719 86.02127838134766 0
1754018696904 85.8749008178711 1
1754018697085 85.7184829711914 2
1754018697233 85.5359115600586 3
1754018697373 85.32111358642578 4
1754018697516 85.06629180908203 5
1754018697648 84.7559585571289 6
1754018697787 84.37306213378906 7
1754018697939 83.91224670410156 8
1754018698077 83.36762237548828 9
1754018698200 82.7037353515625 10
1754018698352 81.93502807617188 11
1754018698487 81.03429412841797 12
1754018698634 79.9865493774414 13
1754018698773 78.7754135131836 14
1754018698908 77.40240478515625 15
1754018699054 75.8370361328125 16
1754018699202 74.07943725585938 17
1754018699366 72.12208557128906 18
1754018699510 69.96672821044922 19
1754018699657 67.57878875732422 20
1754018699813 65.01411437988281 21
1754018699996 62.247230529785156 22
1754018700147 59.27778244018555 23
1754018700302 56.151832580566406 24
1754018700471 52.85932159423828 25
1754018700628 49.47813415527344 26
1754018700774 45.9874382019043 27
1754018700934 42.3973388671875 28
1754018701086 38.8651008605957 29
1754018701245 35.51765060424805 30
1754018701427 32.33259963989258 31
1754018701625 29.427326202392578 32
1754018701784 26.684417724609375 33
1754018701955 24.355255126953125 34
1754018702097 22.15416717529297 35
1754018702235 20.248281478881836 36
1754018702395 18.672550201416016 37
1754018702538 17.374645233154297 38
1754018702677 16.227581024169922 39
1754018702820 15.400552749633789 40
1754018702961 14.667932510375977 41
1754018703111 14.062185287475586 42
1754018703251 13.550561904907227 43
1754018703393 13.079788208007812 44
1754018703540 12.744958877563477 45
1754018703685 12.4186372756958 46
1754018703850 12.132291793823242 47
1754018704025 11.846172332763672 48
1754018704171 11.627680778503418 49
1754018704334 11.410922050476074 50
1754018704502 11.21644401550293 51
1754018704659 11.023492813110352 52
1754018704841 10.835542678833008 53
1754018705003 10.631063461303711 54
1754018705166 10.441022872924805 55
1754018705354 10.27109432220459 56
1754018705508 10.091278076171875 57
1754018705668 9.944623947143555 58
1754018705859 9.774855613708496 59
1754018706027 9.609579086303711 60
1754018706180 9.451051712036133 61
1754018706357 9.288649559020996 62
1754018706523 9.156006813049316 63
1754018706720 8.992440223693848 64
1754018706891 8.839324951171875 65
1754018707048 8.68014144897461 66
1754018707218 8.561589241027832 67
1754018707371 8.404746055603027 68
1754018707533 8.259660720825195 69
1754018707692 8.12083625793457 70
1754018707869 7.9852094650268555 71
1754018708028 7.861614227294922 72
1754018708194 7.728556156158447 73
1754018708377 7.601085662841797 74
1754018708540 7.489497184753418 75
1754018708699 7.371715545654297 76
1754018708876 7.260892391204834 77
1754018709034 7.149397850036621 78
1754018709195 7.045631408691406 79
1754018709365 6.953611850738525 80
1754018709534 6.852443695068359 81
1754018709697 6.752814292907715 82
1754018709856 6.657823085784912 83
1754018710013 6.568968296051025 84
1754018710163 6.477851867675781 85
1754018710352 6.3960442543029785 86
1754018710517 6.322985649108887 87
1754018710687 6.250776767730713 88
1754018710855 6.167790412902832 89
1754018711010 6.096865177154541 90
1754018711161 6.022366046905518 91
1754018711336 5.944165229797363 92
1754018711475 5.87363338470459 93
1754018711632 5.803526401519775 94
1754018711771 5.741002082824707 95
1754018711921 5.6797943115234375 96
1754018712056 5.631613254547119 97
1754018712182 5.584527969360352 98
1754018712332 5.525010108947754 99
1754018696719 86.02127838134766 0
