1754018662116 7468.87353515625 0
1754018662289 7433.1533203125 1
1754018662427 7378.7265625 2
1754018662548 7283.3037109375 3
1754018662673 7109.56494140625 4
1754018662787 6825.5634765625 5
1754018662907 6388.6591796875 6
1754018663030 5664.67919921875 7
1754018663148 4667.39111328125 8
1754018663283 3405.53125 9
1754018663401 2061.9794921875 10
1754018663520 1067.6160888671875 11
1754018663647 794.24169921875 12
1754018663759 771.609619140625 13
1754018663886 749.3943481445312 14
1754018664013 607.456298828125 15
1754018664124 622.9525146484375 16
1754018664261 564.2205810546875 17
1754018664400 603.1200561523438 18
1754018664535 504.5301208496094 19
1754018664679 496.6612243652344 20
1754018664813 448.2203674316406 21
1754018664954 367.26715087890625 22
1754018665095 388.4193420410156 23
1754018665217 344.75653076171875 24
1754018665334 352.3265075683594 25
1754018665467 404.6956481933594 26
1754018665590 377.09417724609375 27
1754018665721 308.2821960449219 28
1754018665842 295.49200439453125 29
1754018665963 268.37493896484375 30
1754018666093 262.664794921875 31
1754018666227 281.84320068359375 32
1754018666352 266.4444580078125 33
1754018666478 250.7231903076172 34
1754018666592 230.57119750976562 35
1754018666730 233.26675415039062 36
1754018666860 248.1697235107422 37
1754018666994 223.1891632080078 38
1754018667134 240.84689331054688 39
1754018667272 236.06185913085938 40
1754018667408 204.5734405517578 41
1754018667543 212.7133026123047 42
1754018667722 182.6735382080078 43
1754018667856 175.8588104248047 44
1754018668001 204.27410888671875 45
1754018668162 156.25991821289062 46
1754018668322 174.54531860351562 47
1754018668459 195.8783721923828 48
1754018668604 183.6017303466797 49
1754018668751 174.66665649414062 50
1754018668883 169.61984252929688 51
1754018669048 175.51058959960938 52
1754018669221 180.53953552246094 53
1754018669365 173.93045043945312 54
1754018669519 175.73617553710938 55
1754018669666 169.81381225585938 56
1754018669788 138.37030029296875 57
1754018669909 169.10018920898438 58
1754018670024 159.97592163085938 59
1754018670148 161.50662231445312 60
1754018670269 145.67123413085938 61
1754018670396 153.83888244628906 62
1754018670526 142.0294189453125 63
1754018670684 171.7266387939453 64
1754018670812 141.87899780273438 65
1754018670944 165.70745849609375 66
1754018671073 165.1750030517578 67
1754018671210 152.08689880371094 68
1754018671347 160.23715209960938 69
1754018671497 135.27581787109375 70
1754018671645 156.03179931640625 71
1754018671811 143.71957397460938 72
1754018671969 147.59397888183594 73
1754018672109 151.17108154296875 74
1754018672232 136.16490173339844 75
1754018672362 129.08607482910156 76
1754018672513 156.2701416015625 77
1754018672677 133.8897705078125 78
1754018672830 140.3684844970703 79
1754018672978 154.51919555664062 80
1754018673103 137.3863525390625 81
1754018673267 137.29501342773438 82
1754018673390 138.41819763183594 83
1754018673524 128.53762817382812 84
1754018673652 138.781494140625 85
1754018673799 139.44480895996094 86
1754018673944 137.81881713867188 87
1754018674115 133.1056671142578 88
1754018674253 151.13577270507812 89
1754018674384 144.29165649414062 90
1754018674514 127.805419921875 91
1754018674656 129.90374755859375 92
1754018674788 133.53955078125 93
1754018674924 148.07257080078125 94
1754018675052 141.3030242919922 95
1754018675187 127.23870849609375 96
1754018675326 146.52496337890625 97
1754018675460 107.7906723022461 98
1754018675599 145.22117614746094 99
1754018662116 7468.87353515625 0
1754018662116 7468.87353515625 0
1754018662116 7468.87353515625 0
