1754018662146 86.07752990722656 0
1754018662309 85.87080383300781 1
1754018662448 85.55464935302734 2
1754018662567 84.9970932006836 3
1754018662693 83.96827697753906 4
1754018662810 82.26197814941406 5
1754018662920 79.54255676269531 6
1754018663048 74.77665710449219 7
1754018663169 67.54561614990234 8
1754018663298 56.90790557861328 9
1754018663421 42.65323257446289 10
1754018663540 28.420461654663086 11
1754018663657 23.104524612426758 12
1754018663780 22.253259658813477 13
1754018663900 22.379669189453125 14
1754018664033 20.20240592956543 15
1754018664151 20.85953140258789 16
1754018664275 19.318744659423828 17
1754018664419 19.712230682373047 18
1754018664554 18.501333236694336 19
1754018664687 18.35190200805664 20
1754018664833 17.06205940246582 21
1754018664974 14.983297348022461 22
1754018665116 15.962603569030762 23
1754018665230 15.096616744995117 24
1754018665355 15.058283805847168 25
1754018665485 15.768899917602539 26
1754018665615 15.292871475219727 27
1754018665732 14.160058975219727 28
1754018665863 13.641278266906738 29
1754018665982 12.828329086303711 30
1754018666112 12.948705673217773 31
1754018666248 13.13154125213623 32
1754018666373 13.332862854003906 33
1754018666498 12.604990005493164 34
1754018666622 12.265922546386719 35
1754018666751 12.026737213134766 36
1754018666882 12.496424674987793 37
1754018667016 11.778477668762207 38
1754018667161 12.238268852233887 39
1754018667282 12.36772632598877 40
1754018667426 11.411985397338867 41
1754018667562 11.379728317260742 42
1754018667733 10.812135696411133 43
1754018667877 10.768882751464844 44
1754018668022 11.401039123535156 45
1754018668176 9.983980178833008 46
1754018668343 10.694119453430176 47
1754018668476 11.125009536743164 48
1754018668616 10.814849853515625 49
1754018668761 10.266209602355957 50
1754018668897 10.766082763671875 51
1754018669061 10.590540885925293 52
1754018669241 10.688016891479492 53
1754018669390 10.458954811096191 54
1754018669542 10.512453079223633 55
1754018669688 10.591592788696289 56
1754018669800 9.565069198608398 57
1754018669926 10.239008903503418 58
1754018670042 10.150845527648926 59
1754018670162 10.122320175170898 60
1754018670289 9.576226234436035 61
1754018670420 9.806234359741211 62
1754018670546 9.415315628051758 63
1754018670711 10.631925582885742 64
1754018670843 9.498334884643555 65
1754018670965 10.252938270568848 66
1754018671094 10.185253143310547 67
1754018671231 9.916403770446777 68
1754018671369 9.965944290161133 69
1754018671513 9.025364875793457 70
1754018671668 9.964639663696289 71
1754018671832 9.408636093139648 72
1754018671989 9.897626876831055 73
1754018672133 10.054509162902832 74
1754018672253 9.234173774719238 75
1754018672386 8.959192276000977 76
1754018672544 10.025372505187988 77
1754018672702 9.314157485961914 78
1754018672858 9.490205764770508 79
1754018673000 9.765510559082031 80
1754018673123 9.4390287399292 81
1754018673285 9.196416854858398 82
1754018673410 9.252070426940918 83
1754018673545 8.994580268859863 84
1754018673673 9.605371475219727 85
1754018673820 9.338512420654297 86
1754018673965 9.129648208618164 87
1754018674140 9.081292152404785 88
1754018674273 9.87447452545166 89
1754018674405 9.610330581665039 90
1754018674538 9.011236190795898 91
1754018674678 8.828866958618164 92
1754018674810 9.334970474243164 93
1754018674944 9.586925506591797 94
1754018675074 9.430530548095703 95
1754018675212 9.11909294128418 96
1754018675347 9.736577033996582 97
1754018675480 8.357942581176758 98
1754018675619 9.640028953552246 99
1754018662146 86.07752990722656 0
1754018662146 86.07752990722656 0
1754018662146 86.07752990722656 0
