1754018611093 7481.9970703125 0
1754018611190 7469.59765625 1
1754018611276 7455.6083984375 2
1754018611380 7438.3818359375 3
1754018611482 7418.0419921875 4
1754018611586 7395.5107421875 5
1754018611680 7371.34521484375 6
1754018611778 7344.96240234375 7
1754018611870 7315.5390625 8
1754018611971 7283.3671875 9
1754018612066 7247.41943359375 10
1754018612166 7208.02587890625 11
1754018612275 7164.91259765625 12
1754018612381 7117.08203125 13
1754018612488 7064.7734375 14
1754018612603 7005.7099609375 15
1754018612712 6940.01708984375 16
1754018612806 6863.9716796875 17
1754018612906 6776.24755859375 18
1754018613020 6676.5302734375 19
1754018613138 6564.52490234375 20
1754018613247 6440.29443359375 21
1754018613366 6305.31005859375 22
1754018613525 6156.40283203125 23
1754018613630 5996.1416015625 24
1754018613732 5823.47021484375 25
1754018613841 5639.82666015625 26
1754018613955 5443.04833984375 27
1754018614053 5236.89306640625 28
1754018614159 5022.89599609375 29
1754018614276 4797.3896484375 30
1754018614371 4565.833984375 31
1754018614470 4325.06640625 32
1754018614575 4081.977783203125 33
1754018614694 3832.813720703125 34
1754018614787 3582.315673828125 35
1754018614906 3330.99853515625 36
1754018615021 3081.686767578125 37
1754018615131 2835.97265625 38
1754018615238 2594.08154296875 39
1754018615360 2359.36083984375 40
1754018615461 2134.589111328125 41
1754018615566 1917.208251953125 42
1754018615691 1710.373291015625 43
1754018615795 1517.1998291015625 44
1754018615904 1338.634521484375 45
1754018616022 1173.9791259765625 46
1754018616122 1030.152587890625 47
1754018616229 899.4783935546875 48
1754018616359 789.3292236328125 49
1754018616540 693.5518798828125 50
1754018616639 615.0355224609375 51
1754018616740 547.3818969726562 52
1754018616841 494.92193603515625 53
1754018616945 452.93756103515625 54
1754018617040 420.9253845214844 55
1754018617150 394.548828125 56
1754018617261 374.0185852050781 57
1754018617367 356.8611145019531 58
1754018617468 344.4559020996094 59
1754018617560 333.2229919433594 60
1754018617667 324.1499328613281 61
1754018617779 315.2670593261719 62
1754018617884 308.2298278808594 63
1754018617991 300.7958068847656 64
1754018618093 294.1902770996094 65
1754018618190 287.668701171875 66
1754018618290 281.0711364746094 67
1754018618394 275.06610107421875 68
1754018618512 269.220703125 69
1754018618639 263.3587951660156 70
1754018618756 257.5138244628906 71
1754018618871 251.86328125 72
1754018618985 246.50619506835938 73
1754018619103 241.1107940673828 74
1754018619235 235.858154296875 75
1754018619362 230.80880737304688 76
1754018619488 225.9592742919922 77
1754018619631 221.02597045898438 78
1754018619749 216.36331176757812 79
1754018619883 211.81112670898438 80
1754018620014 207.38427734375 81
1754018620145 202.6314239501953 82
1754018620273 198.3785400390625 83
1754018620428 194.26710510253906 84
1754018620555 189.9920654296875 85
1754018620662 185.81407165527344 86
1754018620796 182.14808654785156 87
1754018620919 178.241455078125 88
1754018621029 174.7297821044922 89
1754018621134 170.95431518554688 90
1754018621244 167.54391479492188 91
1754018621356 164.02748107910156 92
1754018621463 160.57131958007812 93
1754018621567 157.38189697265625 94
1754018621673 154.0223388671875 95
1754018621777 150.9215850830078 96
1754018621878 147.81027221679688 97
1754018621982 145.00865173339844 98
1754018622082 142.0433349609375 99
1754018611093 7481.9970703125 0
1754018611093 7481.9970703125 0
1754018611093 7481.9970703125 0
1754018611093 7481.9970703125 0
1754018611093 7481.9970703125 0
1754018611093 7481.9970703125 0
1754018611093 7481.9970703125 0
