1754018611103 86.14947509765625 0
1754018611204 86.07717895507812 1
1754018611296 85.9957275390625 2
1754018611396 85.8955307006836 3
1754018611497 85.7777099609375 4
1754018611599 85.64620208740234 5
1754018611694 85.5057373046875 6
1754018611792 85.35039520263672 7
1754018611881 85.17845916748047 8
1754018611981 84.98807525634766 9
1754018612084 84.77619171142578 10
1754018612174 84.54303741455078 11
1754018612291 84.2867202758789 12
1754018612398 84.0030746459961 13
1754018612503 83.69017028808594 14
1754018612623 83.33671569824219 15
1754018612720 82.9413070678711 16
1754018612817 82.48249816894531 17
1754018612923 81.94972229003906 18
1754018613034 81.34143829345703 19
1754018613151 80.65008544921875 20
1754018613255 79.87429809570312 21
1754018613380 79.0247573852539 22
1754018613533 78.07591247558594 23
1754018613640 77.0398941040039 24
1754018613739 75.90762329101562 25
1754018613859 74.67855072021484 26
1754018613968 73.33564758300781 27
1754018614068 71.91459655761719 28
1754018614173 70.39582061767578 29
1754018614291 68.75675964355469 30
1754018614389 67.0243911743164 31
1754018614481 65.18351745605469 32
1754018614594 63.26025390625 33
1754018614702 61.2243766784668 34
1754018614808 59.1009521484375 35
1754018614920 56.873252868652344 36
1754018615037 54.58210372924805 37
1754018615143 52.210784912109375 38
1754018615257 49.739830017089844 39
1754018615375 47.24089431762695 40
1754018615475 44.680747985839844 41
1754018615586 42.05684280395508 42
1754018615709 39.43446350097656 43
1754018615816 36.80225372314453 44
1754018615922 34.2336311340332 45
1754018616036 31.682403564453125 46
1754018616132 29.34195899963379 47
1754018616250 27.169879913330078 48
1754018616374 25.30794906616211 49
1754018616552 23.59365463256836 50
1754018616654 22.144874572753906 51
1754018616755 20.745330810546875 52
1754018616856 19.569353103637695 53
1754018616957 18.62706756591797 54
1754018617054 17.865066528320312 55
1754018617168 17.19979476928711 56
1754018617274 16.668277740478516 57
1754018617381 16.193668365478516 58
1754018617480 15.828542709350586 59
1754018617574 15.491009712219238 60
1754018617685 15.206037521362305 61
1754018617794 14.942146301269531 62
1754018617903 14.72528076171875 63
1754018618007 14.495366096496582 64
1754018618108 14.299367904663086 65
1754018618208 14.104947090148926 66
1754018618304 13.912504196166992 67
1754018618404 13.744985580444336 68
1754018618522 13.57288646697998 69
1754018618653 13.416059494018555 70
1754018618771 13.254392623901367 71
1754018618885 13.079248428344727 72
1754018618998 12.90894889831543 73
1754018619118 12.749887466430664 74
1754018619249 12.596896171569824 75
1754018619377 12.449748992919922 76
1754018619504 12.308477401733398 77
1754018619647 12.148327827453613 78
1754018619763 12.007877349853516 79
1754018619899 11.873875617980957 80
1754018620028 11.735128402709961 81
1754018620161 11.589632034301758 82
1754018620291 11.440431594848633 83
1754018620447 11.307138442993164 84
1754018620569 11.185625076293945 85
1754018620682 11.04395866394043 86
1754018620812 10.90565299987793 87
1754018620939 10.771856307983398 88
1754018621036 10.65852165222168 89
1754018621151 10.528692245483398 90
1754018621261 10.403372764587402 91
1754018621372 10.278164863586426 92
1754018621476 10.158710479736328 93
1754018621581 10.054603576660156 94
1754018621689 9.931421279907227 95
1754018621787 9.815645217895508 96
1754018621894 9.69559383392334 97
1754018621995 9.593461990356445 98
1754018622094 9.486066818237305 99
1754018611103 86.14947509765625 0
1754018611103 86.14947509765625 0
1754018611103 86.14947509765625 0
1754018611103 86.14947509765625 0
1754018611103 86.14947509765625 0
1754018611103 86.14947509765625 0
1754018611103 86.14947509765625 0
