1753828553551 86.20345306396484 0
1753828553658 86.12154388427734 1
1753828553763 86.04981994628906 2
1753828553862 85.98165130615234 3
1753828553972 85.90681457519531 4
1753828554088 85.8189697265625 5
1753828554190 85.71238708496094 6
1753828554289 85.58261108398438 7
1753828554395 85.42623901367188 8
1753828554509 85.23653411865234 9
1753828554618 85.00921630859375 10
1753828554728 84.74403381347656 11
1753828554839 84.43434143066406 12
1753828554952 84.067138671875 13
1753828555066 83.65046691894531 14
1753828555173 83.16336059570312 15
1753828555280 82.60490417480469 16
1753828555389 81.97511291503906 17
1753828555502 81.25629425048828 18
1753828555616 80.46153259277344 19
1753828555725 79.56555938720703 20
1753828555837 78.58393096923828 21
1753828555947 77.47691345214844 22
1753828556055 76.29314422607422 23
1753828556161 74.9773941040039 24
1753828556267 73.55876159667969 25
1753828556381 72.00598907470703 26
1753828556497 70.35655975341797 27
1753828556604 68.5645751953125 28
1753828556730 66.65380859375 29
1753828556866 64.64710235595703 30
1753828556989 62.5229377746582 31
1753828557091 60.25518798828125 32
1753828557222 57.91582107543945 33
1753828557344 55.48701858520508 34
1753828557482 52.97113037109375 35
1753828557602 50.35186767578125 36
1753828557716 47.70841979980469 37
1753828557835 45.01929473876953 38
1753828557948 42.27543258666992 39
1753828558064 39.5324821472168 40
1753828558176 36.88429641723633 41
1753828558283 34.34033966064453 42
1753828558400 32.002357482910156 43
1753828558525 29.81154441833496 44
1753828558629 27.7670841217041 45
1753828558739 25.93902587890625 46
1753828558860 24.211008071899414 47
1753828558968 22.75490951538086 48
1753828559092 21.377826690673828 49
1753828559199 20.120136260986328 50
1753828559322 19.078899383544922 51
1753828559459 18.135400772094727 52
1753828559575 17.349573135375977 53
1753828559699 16.646738052368164 54
1753828559853 16.05961799621582 55
1753828559998 15.532915115356445 56
1753828560148 15.085103034973145 57
1753828560318 14.659555435180664 58
1753828560445 14.29301929473877 59
1753828560559 13.937954902648926 60
1753828560704 13.625207901000977 61
1753828560838 13.320225715637207 62
1753828560994 13.062036514282227 63
1753828561132 12.797480583190918 64
1753828561259 12.554130554199219 65
1753828561394 12.327320098876953 66
1753828561532 12.120156288146973 67
1753828561665 11.915605545043945 68
1753828561799 11.699930191040039 69
1753828561950 11.51129150390625 70
1753828562079 11.313589096069336 71
1753828562220 11.12038803100586 72
1753828562348 10.939905166625977 73
1753828562468 10.753362655639648 74
1753828562667 10.58250617980957 75
1753828562801 10.412911415100098 76
1753828562918 10.253437995910645 77
1753828563043 10.091845512390137 78
1753828563168 9.931595802307129 79
1753828563285 9.772741317749023 80
1753828563402 9.618342399597168 81
1753828563521 9.460775375366211 82
1753828563645 9.320211410522461 83
1753828563763 9.176575660705566 84
1753828563886 9.036737442016602 85
1753828564009 8.885425567626953 86
1753828564128 8.740456581115723 87
1753828564247 8.61426830291748 88
1753828564359 8.483903884887695 89
1753828564485 8.342889785766602 90
1753828564621 8.197565078735352 91
1753828564730 8.07366943359375 92
1753828564919 7.963939666748047 93
1753828565094 7.8438720703125 94
1753828565240 7.732271671295166 95
1753828565390 7.61838436126709 96
1753828565539 7.510842800140381 97
1753828565672 7.40453577041626 98
1753828565801 7.3203325271606445 99
1753828553551 86.20345306396484 0
