1753828553538 7491.1650390625 0
1753828553628 7477.0732421875 1
1753828553745 7464.79541015625 2
1753828553854 7453.1875 3
1753828553958 7440.51318359375 4
1753828554073 7425.55615234375 5
1753828554180 7407.40234375 6
1753828554279 7385.36962890625 7
1753828554382 7358.8203125 8
1753828554493 7326.6728515625 9
1753828554600 7288.0556640625 10
1753828554712 7243.2626953125 11
1753828554824 7191.1748046875 12
1753828554939 7129.6669921875 13
1753828555049 7059.9462890625 14
1753828555149 6978.9130859375 15
1753828555265 6886.8994140625 16
1753828555374 6783.6201171875 17
1753828555482 6666.64453125 18
1753828555591 6538.84375 19
1753828555705 6396.5732421875 20
1753828555818 6241.5400390625 21
1753828555927 6070.1123046875 22
1753828556034 5889.2783203125 23
1753828556143 5691.94482421875 24
1753828556247 5483.0986328125 25
1753828556360 5259.546875 26
1753828556477 5026.60302734375 27
1753828556583 4781.10009765625 28
1753828556711 4526.00439453125 29
1753828556846 4266.833984375 30
1753828556972 4000.764404296875 31
1753828557079 3730.27880859375 32
1753828557207 3460.575439453125 33
1753828557329 3190.91552734375 34
1753828557461 2925.814208984375 35
1753828557582 2664.15869140625 36
1753828557704 2414.964111328125 37
1753828557823 2173.718994140625 38
1753828557933 1946.2786865234375 39
1753828558037 1732.489990234375 40
1753828558158 1534.404541015625 41
1753828558263 1354.2239990234375 42
1753828558382 1191.2821044921875 43
1753828558500 1046.9849853515625 44
1753828558616 916.8019409179688 45
1753828558729 808.3746337890625 46
1753828558844 709.7708740234375 47
1753828558954 631.9713134765625 48
1753828559074 563.17822265625 49
1753828559184 505.2621154785156 50
1753828559299 459.11865234375 51
1753828559435 422.2860412597656 52
1753828559554 390.98699951171875 53
1753828559684 364.6876525878906 54
1753828559833 342.4666442871094 55
1753828559984 325.8580017089844 56
1753828560124 310.81146240234375 57
1753828560300 297.41278076171875 58
1753828560427 286.9130554199219 59
1753828560548 276.8785095214844 60
1753828560689 268.3470764160156 61
1753828560820 259.89654541015625 62
1753828560973 252.384033203125 63
1753828561112 245.0546875 64
1753828561246 238.37600708007812 65
1753828561381 231.8824920654297 66
1753828561512 225.57406616210938 67
1753828561647 219.22915649414062 68
1753828561782 213.0927276611328 69
1753828561937 207.3480987548828 70
1753828562056 201.82913208007812 71
1753828562200 196.29330444335938 72
1753828562328 190.7981414794922 73
1753828562449 185.48275756835938 74
1753828562641 180.2728271484375 75
1753828562781 175.2882843017578 76
1753828562895 170.79080200195312 77
1753828563019 165.65377807617188 78
1753828563147 161.02548217773438 79
1753828563264 156.26663208007812 80
1753828563381 151.8020782470703 81
1753828563502 147.51797485351562 82
1753828563624 143.22816467285156 83
1753828563743 139.09999084472656 84
1753828563865 134.9565887451172 85
1753828563987 130.94808959960938 86
1753828564110 127.27877044677734 87
1753828564226 123.9853286743164 88
1753828564339 120.3544692993164 89
1753828564463 116.82003021240234 90
1753828564601 113.45760345458984 91
1753828564711 110.44740295410156 92
1753828564891 107.4850845336914 93
1753828565064 104.42265319824219 94
1753828565212 101.696044921875 95
1753828565363 98.77873992919922 96
1753828565511 96.30631256103516 97
1753828565648 93.77726745605469 98
1753828565775 91.482177734375 99
1753828553538 7491.1650390625 0
