1753828533462 7490.12744140625 0
1753828533572 7475.3154296875 1
1753828533677 7461.02490234375 2
1753828533784 7447.1025390625 3
1753828533875 7433.2998046875 4
1753828534006 7419.54150390625 5
1753828534124 7405.35546875 6
1753828534231 7390.72802734375 7
1753828534324 7375.5078125 8
1753828534421 7359.50634765625 9
1753828534511 7341.83740234375 10
1753828534596 7323.6171875 11
1753828534686 7303.71630859375 12
1753828534783 7281.5625 13
1753828534878 7258.18115234375 14
1753828534979 7232.5595703125 15
1753828535077 7205.24462890625 16
1753828535170 7175.1337890625 17
1753828535266 7143.3642578125 18
1753828535359 7109.359375 19
1753828535468 7071.6669921875 20
1753828535577 7031.09765625 21
1753828535685 6988.73046875 22
1753828535790 6941.8427734375 23
1753828535893 6892.1357421875 24
1753828535999 6837.95556640625 25
1753828536098 6779.99609375 26
1753828536209 6718.73828125 27
1753828536314 6653.15234375 28
1753828536420 6581.95068359375 29
1753828536530 6507.92724609375 30
1753828536643 6427.39501953125 31
1753828536754 6343.15087890625 32
1753828536872 6253.6376953125 33
1753828536989 6159.1865234375 34
1753828537108 6060.90966796875 35
1753828537228 5955.76220703125 36
1753828537355 5847.9384765625 37
1753828537470 5733.7958984375 38
1753828537582 5616.8125 39
1753828537706 5495.2587890625 40
1753828537820 5367.89599609375 41
1753828537936 5236.919921875 42
1753828538045 5103.421875 43
1753828538166 4965.2626953125 44
1753828538284 4823.83154296875 45
1753828538411 4679.3076171875 46
1753828538521 4534.0078125 47
1753828538623 4382.83251953125 48
1753828538724 4232.05615234375 49
1753828538848 4078.571533203125 50
1753828538962 3923.733642578125 51
1753828539065 3769.95458984375 52
1753828539165 3614.537841796875 53
1753828539277 3459.576171875 54
1753828539409 3304.56884765625 55
1753828539515 3152.40771484375 56
1753828539622 2999.83544921875 57
1753828539708 2850.264892578125 58
1753828539804 2702.7666015625 59
1753828539904 2558.1787109375 60
1753828540001 2417.289306640625 61
1753828540104 2279.699951171875 62
1753828540206 2146.493408203125 63
1753828540302 2016.122314453125 64
1753828540398 1892.0601806640625 65
1753828540495 1771.6324462890625 66
1753828540632 1658.015380859375 67
1753828540735 1547.634765625 68
1753828540827 1443.1324462890625 69
1753828540928 1344.238037109375 70
1753828541027 1249.715087890625 71
1753828541129 1163.308349609375 72
1753828541225 1080.205810546875 73
1753828541322 1002.5045166015625 74
1753828541424 929.3395385742188 75
1753828541530 862.1639404296875 76
1753828541625 799.9149780273438 77
1753828541725 741.3267822265625 78
1753828541827 689.1260986328125 79
1753828541921 639.7510986328125 80
1753828542019 594.8779907226562 81
1753828542118 554.7833251953125 82
1753828542227 515.7777709960938 83
1753828542334 483.0621032714844 84
1753828542437 452.27532958984375 85
1753828542559 424.8441467285156 86
1753828542657 400.2664489746094 87
1753828542759 377.51007080078125 88
1753828542858 356.75872802734375 89
1753828542954 339.13140869140625 90
1753828543077 322.8941345214844 91
1753828543177 307.81219482421875 92
1753828543334 295.62762451171875 93
1753828543446 283.4915771484375 94
1753828543549 273.0124206542969 95
1753828543654 263.23004150390625 96
1753828543758 254.9616241455078 97
1753828543856 247.3024139404297 98
1753828543953 241.1121063232422 99
1753828533462 7490.12744140625 0
1753828533462 7490.12744140625 0
1753828533462 7490.12744140625 0
