1753828533477 86.2236099243164 0
1753828533590 86.1380844116211 1
1753828533695 86.0555419921875 2
1753828533800 85.97457122802734 3
1753828533895 85.89502716064453 4
1753828534020 85.8154525756836 5
1753828534142 85.73373413085938 6
1753828534244 85.6493148803711 7
1753828534339 85.5617904663086 8
1753828534436 85.46965026855469 9
1753828534519 85.36797332763672 10
1753828534608 85.26293182373047 11
1753828534700 85.14774322509766 12
1753828534797 85.01970672607422 13
1753828534893 84.88362884521484 14
1753828534994 84.7339096069336 15
1753828535092 84.57486724853516 16
1753828535185 84.39794921875 17
1753828535281 84.21119689941406 18
1753828535377 84.01023864746094 19
1753828535483 83.78791046142578 20
1753828535596 83.54744720458984 21
1753828535700 83.29396057128906 22
1753828535806 83.0136947631836 23
1753828535910 82.71558380126953 24
1753828536017 82.38712310791016 25
1753828536114 82.03641510009766 26
1753828536224 81.66312408447266 27
1753828536331 81.26077270507812 28
1753828536437 80.82124328613281 29
1753828536547 80.36102294921875 30
1753828536661 79.85630798339844 31
1753828536772 79.32479095458984 32
1753828536889 78.7549819946289 33
1753828537006 78.1495361328125 34
1753828537128 77.51283264160156 35
1753828537248 76.82299041748047 36
1753828537371 76.1142349243164 37
1753828537488 75.34838104248047 38
1753828537605 74.55775451660156 39
1753828537724 73.72493743896484 40
1753828537837 72.84093475341797 41
1753828537955 71.92222595214844 42
1753828538063 70.96907043457031 43
1753828538187 69.96780395507812 44
1753828538308 68.92787170410156 45
1753828538430 67.84384155273438 46
1753828538538 66.73745727539062 47
1753828538640 65.5579605102539 48
1753828538741 64.35981750488281 49
1753828538863 63.10816192626953 50
1753828538978 61.83561325073242 51
1753828539083 60.537933349609375 52
1753828539192 59.18626022338867 53
1753828539304 57.802696228027344 54
1753828539426 56.39714813232422 55
1753828539536 54.98542022705078 56
1753828539631 53.516075134277344 57
1753828539726 52.02124786376953 58
1753828539822 50.51826095581055 59
1753828539916 49.002723693847656 60
1753828540015 47.46316909790039 61
1753828540119 45.91187286376953 62
1753828540222 44.35713195800781 63
1753828540316 42.81758117675781 64
1753828540414 41.28416061401367 65
1753828540515 39.75200653076172 66
1753828540648 38.30343246459961 67
1753828540748 36.86087417602539 68
1753828540845 35.466773986816406 69
1753828540945 34.12211227416992 70
1753828541044 32.79434585571289 71
1753828541145 31.532434463500977 72
1753828541232 30.254413604736328 73
1753828541339 29.0445499420166 74
1753828541441 27.889965057373047 75
1753828541546 26.7669677734375 76
1753828541643 25.717731475830078 77
1753828541741 24.687244415283203 78
1753828541844 23.726579666137695 79
1753828541942 22.80202293395996 80
1753828542040 21.912174224853516 81
1753828542137 21.101388931274414 82
1753828542245 20.300716400146484 83
1753828542352 19.577465057373047 84
1753828542453 18.89106559753418 85
1753828542575 18.255691528320312 86
1753828542672 17.682941436767578 87
1753828542771 17.119308471679688 88
1753828542874 16.62291145324707 89
1753828542974 16.170549392700195 90
1753828543092 15.738363265991211 91
1753828543197 15.318110466003418 92
1753828543353 14.960797309875488 93
1753828543462 14.5996732711792 94
1753828543562 14.27796459197998 95
1753828543671 13.962549209594727 96
1753828543765 13.706085205078125 97
1753828543872 13.454919815063477 98
1753828543975 13.23291301727295 99
1753828533477 86.2236099243164 0
1753828533477 86.2236099243164 0
1753828533477 86.2236099243164 0
